|                            Parameters |                       0 |                       1 |   2 |   3 |   4 |   5 |                      6 |                       7 |                       8 |                      9 |                      10 |                      11 |  12 |  13 |                      14 |  15 |  16 |  17 |
|               feljlveU.spectral.index |    0.011291611334078385 |   5.111610681608401e-16 | 0.0 | 0.0 | 0.0 | 0.0 |    -0.0749920373237335 |     0.13283522987002772 |   2.287354547361016e-06 | -5.495577434891251e-08 | -1.0455412984719021e-05 | -3.4427472090720385e-05 | 0.0 | 0.0 |   0.0015151662866633743 | 0.0 | 0.0 | 0.0 |
|           feljlveU.spectral.amplitude |   5.111610681608401e-16 |  3.5070153333680175e-28 | 0.0 | 0.0 | 0.0 | 0.0 |  9.518220662535562e-17 | -2.3651797574570248e-15 | -2.6042461127783594e-18 |  2.696146715807384e-19 |  -6.999050994481575e-18 |  -1.230206683144326e-18 | 0.0 | 0.0 |   2.105691867789895e-16 | 0.0 | 0.0 | 0.0 |
|           feljlveU.spectral.reference |                     0.0 |                     0.0 | 0.0 | 0.0 | 0.0 | 0.0 |                    0.0 |                     0.0 |                     0.0 |                    0.0 |                     0.0 |                     0.0 | 0.0 | 0.0 |                     0.0 | 0.0 | 0.0 | 0.0 |
|             feljlveU.spectral.lambda_ |                     0.0 |                     0.0 | 0.0 | 0.0 | 0.0 | 0.0 |                    0.0 |                     0.0 |                     0.0 |                    0.0 |                     0.0 |                     0.0 | 0.0 | 0.0 |                     0.0 | 0.0 | 0.0 | 0.0 |
|               feljlveU.spectral.alpha |                     0.0 |                     0.0 | 0.0 | 0.0 | 0.0 | 0.0 |                    0.0 |                     0.0 |                     0.0 |                    0.0 |                     0.0 |                     0.0 | 0.0 | 0.0 |                     0.0 | 0.0 | 0.0 | 0.0 |
|          feljlveU.spectral.amplitude_ |                     0.0 |                     0.0 | 0.0 | 0.0 | 0.0 | 0.0 |                    0.0 |                     0.0 |                     0.0 |                    0.0 |                     0.0 |                     0.0 | 0.0 | 0.0 |                     0.0 | 0.0 | 0.0 | 0.0 |
|                feljlveU.spectral.mean |     -0.0749920373237335 |   9.518220662535562e-17 | 0.0 | 0.0 | 0.0 | 0.0 |      935.3164986085543 |       95.22743304276833 |  -0.0002341899350720907 |  3.194378856247666e-06 |  2.2742687593543833e-05 |  0.00021034470212281288 | 0.0 | 0.0 |    0.007620527049389569 | 0.0 | 0.0 | 0.0 |
|               feljlveU.spectral.sigma |     0.13283522987002772 | -2.3651797574570248e-15 | 0.0 | 0.0 | 0.0 | 0.0 |      95.22743304276833 |       978.8323085838964 |   -0.002150503350658227 | -6.872752101260332e-05 | -2.6997625436399068e-05 |  0.00013925459498460806 | 0.0 | 0.0 |    -0.13425874292326012 | 0.0 | 0.0 | 0.0 |
|                feljlveU.spatial.lon_0 |   2.287354547361016e-06 | -2.6042461127783594e-18 | 0.0 | 0.0 | 0.0 | 0.0 | -0.0002341899350720907 |   -0.002150503350658227 |  2.6962365184778153e-05 |   3.89118138615474e-09 |   9.944517101081934e-08 | -2.6795034039127185e-08 | 0.0 | 0.0 |  1.4755793563248788e-06 | 0.0 | 0.0 | 0.0 |
|                feljlveU.spatial.lat_0 |  -5.495577434891251e-08 |   2.696146715807384e-19 | 0.0 | 0.0 | 0.0 | 0.0 |  3.194378856247666e-06 |  -6.872752101260332e-05 |    3.89118138615474e-09 |  2.015548583183403e-05 |  -8.635544518884078e-09 |   2.719321066074294e-09 | 0.0 | 0.0 |  -6.015336866231672e-08 | 0.0 | 0.0 | 0.0 |
|           dataset N-bkg.spectral.norm | -1.0455412984719021e-05 |  -6.999050994481575e-18 | 0.0 | 0.0 | 0.0 | 0.0 | 2.2742687593543833e-05 | -2.6997625436399068e-05 |   9.944517101081934e-08 | -8.635544518884078e-09 |    3.48742721762414e-05 |   2.879648427900092e-06 | 0.0 | 0.0 | -1.9918930760998554e-07 | 0.0 | 0.0 | 0.0 |
|           dataset N-bkg.spectral.tilt | -3.4427472090720385e-05 |  -1.230206683144326e-18 | 0.0 | 0.0 | 0.0 | 0.0 | 0.00021034470212281288 |  0.00013925459498460806 | -2.6795034039127185e-08 |  2.719321066074294e-09 |   2.879648427900092e-06 |   4.068957257976538e-05 | 0.0 | 0.0 |   3.243395791264641e-07 | 0.0 | 0.0 | 0.0 |
|      dataset N-bkg.spectral.reference |                     0.0 |                     0.0 | 0.0 | 0.0 | 0.0 | 0.0 |                    0.0 |                     0.0 |                     0.0 |                    0.0 |                     0.0 |                     0.0 | 0.0 | 0.0 |                     0.0 | 0.0 | 0.0 | 0.0 |
|       dataset N-irf.e_reco_model.bias |                     0.0 |                     0.0 | 0.0 | 0.0 | 0.0 | 0.0 |                    0.0 |                     0.0 |                     0.0 |                    0.0 |                     0.0 |                     0.0 | 0.0 | 0.0 |                     0.0 | 0.0 | 0.0 | 0.0 |
| dataset N-irf.e_reco_model.resolution |   0.0015151662866633743 |   2.105691867789895e-16 | 0.0 | 0.0 | 0.0 | 0.0 |   0.007620527049389569 |    -0.13425874292326012 |  1.4755793563248788e-06 | -6.015336866231672e-08 | -1.9918930760998554e-07 |   3.243395791264641e-07 | 0.0 | 0.0 |     0.01000331569069281 | 0.0 | 0.0 | 0.0 |
|  dataset N-irf.spectral.norm_nuisance |                     0.0 |                     0.0 | 0.0 | 0.0 | 0.0 | 0.0 |                    0.0 |                     0.0 |                     0.0 |                    0.0 |                     0.0 |                     0.0 | 0.0 | 0.0 |                     0.0 | 0.0 | 0.0 | 0.0 |
|  dataset N-irf.spectral.tilt_nuisance |                     0.0 |                     0.0 | 0.0 | 0.0 | 0.0 | 0.0 |                    0.0 |                     0.0 |                     0.0 |                    0.0 |                     0.0 |                     0.0 | 0.0 | 0.0 |                     0.0 | 0.0 | 0.0 | 0.0 |
|      dataset N-irf.spectral.reference |                     0.0 |                     0.0 | 0.0 | 0.0 | 0.0 | 0.0 |                    0.0 |                     0.0 |                     0.0 |                    0.0 |                     0.0 |                     0.0 | 0.0 | 0.0 |                     0.0 | 0.0 | 0.0 | 0.0 |
