|                            Parameters |                       0 |                       1 |   2 |   3 |   4 |   5 |                      6 |                      7 |                       8 |                      9 |                      10 |                      11 |  12 |  13 |                      14 |  15 |  16 |  17 |
|               feljlveU.spectral.index |      0.0111775535645589 |   5.078492064286894e-16 | 0.0 | 0.0 | 0.0 | 0.0 |  -0.005106344138735521 |  0.0016166158174493175 |  2.5515087855132495e-06 | -4.389211271338125e-08 | -1.0416248550271857e-05 | -3.4261269941744795e-05 | 0.0 | 0.0 |   0.0014234397246393152 | 0.0 | 0.0 | 0.0 |
|           feljlveU.spectral.amplitude |   5.078492064286894e-16 |   3.503705014584504e-28 | 0.0 | 0.0 | 0.0 | 0.0 | -1.275307399470022e-16 |  3.931342858577601e-17 |  -2.619336888860686e-18 |  2.709192426340627e-19 |  -6.997692900384073e-18 | -1.2277948852119378e-18 | 0.0 | 0.0 |  1.9748263685384189e-16 | 0.0 | 0.0 | 0.0 |
|           feljlveU.spectral.reference |                     0.0 |                     0.0 | 0.0 | 0.0 | 0.0 | 0.0 |                    0.0 |                    0.0 |                     0.0 |                    0.0 |                     0.0 |                     0.0 | 0.0 | 0.0 |                     0.0 | 0.0 | 0.0 | 0.0 |
|             feljlveU.spectral.lambda_ |                     0.0 |                     0.0 | 0.0 | 0.0 | 0.0 | 0.0 |                    0.0 |                    0.0 |                     0.0 |                    0.0 |                     0.0 |                     0.0 | 0.0 | 0.0 |                     0.0 | 0.0 | 0.0 | 0.0 |
|               feljlveU.spectral.alpha |                     0.0 |                     0.0 | 0.0 | 0.0 | 0.0 | 0.0 |                    0.0 |                    0.0 |                     0.0 |                    0.0 |                     0.0 |                     0.0 | 0.0 | 0.0 |                     0.0 | 0.0 | 0.0 | 0.0 |
|          feljlveU.spectral.amplitude_ |                     0.0 |                     0.0 | 0.0 | 0.0 | 0.0 | 0.0 |                    0.0 |                    0.0 |                     0.0 |                    0.0 |                     0.0 |                     0.0 | 0.0 | 0.0 |                     0.0 | 0.0 | 0.0 | 0.0 |
|                feljlveU.spectral.mean |   -0.005106344138735521 |  -1.275307399470022e-16 | 0.0 | 0.0 | 0.0 | 0.0 |      470.3985094148339 |     0.2691414017839263 |   -7.26494885568298e-07 | -6.436465628790565e-07 |   2.464671257553187e-06 |  1.9598261282157916e-06 | 0.0 | 0.0 |   -0.004848459375190048 | 0.0 | 0.0 | 0.0 |
|               feljlveU.spectral.sigma |   0.0016166158174493175 |   3.931342858577601e-17 | 0.0 | 0.0 | 0.0 | 0.0 |     0.2691414017839263 |     5.8951540331592955 |  1.5762134033996996e-07 |  1.782959051586181e-07 |  -7.832539254015156e-07 |  -6.466509820902759e-07 | 0.0 | 0.0 |   0.0015102810107781234 | 0.0 | 0.0 | 0.0 |
|                feljlveU.spatial.lon_0 |  2.5515087855132495e-06 |  -2.619336888860686e-18 | 0.0 | 0.0 | 0.0 | 0.0 |  -7.26494885568298e-07 | 1.5762134033996996e-07 |  2.7012984791243207e-05 | 3.6021803312452787e-09 |   9.951791882249216e-08 | -2.6668634347656796e-08 | 0.0 | 0.0 |  1.1169306974332238e-06 | 0.0 | 0.0 | 0.0 |
|                feljlveU.spatial.lat_0 |  -4.389211271338125e-08 |   2.709192426340627e-19 | 0.0 | 0.0 | 0.0 | 0.0 | -6.436465628790565e-07 |  1.782959051586181e-07 |  3.6021803312452787e-09 | 2.0196617525200782e-05 |  -8.892107381392313e-09 |   2.553049643636563e-09 | 0.0 | 0.0 |  -7.378178329040925e-08 | 0.0 | 0.0 | 0.0 |
|           dataset N-bkg.spectral.norm | -1.0416248550271857e-05 |  -6.997692900384073e-18 | 0.0 | 0.0 | 0.0 | 0.0 |  2.464671257553187e-06 | -7.832539254015156e-07 |   9.951791882249216e-08 | -8.892107381392313e-09 |   3.487412090120344e-05 |  2.8796903082679556e-06 | 0.0 | 0.0 | -1.7987832831586755e-07 | 0.0 | 0.0 | 0.0 |
|           dataset N-bkg.spectral.tilt | -3.4261269941744795e-05 | -1.2277948852119378e-18 | 0.0 | 0.0 | 0.0 | 0.0 | 1.9598261282157916e-06 | -6.466509820902759e-07 | -2.6668634347656796e-08 |  2.553049643636563e-09 |  2.8796903082679556e-06 |   4.068873863121757e-05 | 0.0 | 0.0 |  3.1589529172228186e-07 | 0.0 | 0.0 | 0.0 |
|      dataset N-bkg.spectral.reference |                     0.0 |                     0.0 | 0.0 | 0.0 | 0.0 | 0.0 |                    0.0 |                    0.0 |                     0.0 |                    0.0 |                     0.0 |                     0.0 | 0.0 | 0.0 |                     0.0 | 0.0 | 0.0 | 0.0 |
|       dataset N-irf.e_reco_model.bias |                     0.0 |                     0.0 | 0.0 | 0.0 | 0.0 | 0.0 |                    0.0 |                    0.0 |                     0.0 |                    0.0 |                     0.0 |                     0.0 | 0.0 | 0.0 |                     0.0 | 0.0 | 0.0 | 0.0 |
| dataset N-irf.e_reco_model.resolution |   0.0014234397246393152 |  1.9748263685384189e-16 | 0.0 | 0.0 | 0.0 | 0.0 |  -0.004848459375190048 |  0.0015102810107781234 |  1.1169306974332238e-06 | -7.378178329040925e-08 | -1.7987832831586755e-07 |  3.1589529172228186e-07 | 0.0 | 0.0 |     0.00942906968257982 | 0.0 | 0.0 | 0.0 |
|  dataset N-irf.spectral.norm_nuisance |                     0.0 |                     0.0 | 0.0 | 0.0 | 0.0 | 0.0 |                    0.0 |                    0.0 |                     0.0 |                    0.0 |                     0.0 |                     0.0 | 0.0 | 0.0 |                     0.0 | 0.0 | 0.0 | 0.0 |
|  dataset N-irf.spectral.tilt_nuisance |                     0.0 |                     0.0 | 0.0 | 0.0 | 0.0 | 0.0 |                    0.0 |                    0.0 |                     0.0 |                    0.0 |                     0.0 |                     0.0 | 0.0 | 0.0 |                     0.0 | 0.0 | 0.0 | 0.0 |
|      dataset N-irf.spectral.reference |                     0.0 |                     0.0 | 0.0 | 0.0 | 0.0 | 0.0 |                    0.0 |                    0.0 |                     0.0 |                    0.0 |                     0.0 |                     0.0 | 0.0 | 0.0 |                     0.0 | 0.0 | 0.0 | 0.0 |
