|                   Parameters |                     0 |                      1 |   2 |                      3 |                      4 |                      5 |   6 |   7 |   8 |   9 |  10 |  11 |  12 |                      13 |                      14 |                      15 |                      16 |                      17 |                      18 |                      19 |                      20 |                      21 |                      22 |                      23 |                      24 |                      25 |                      26 |                      27 |                      28 |                      29 |                      30 |                      31 |                      32 |
|           msh.spectral.index |    2.6759240874333337 |  4.086068285278113e-12 | 0.0 |   0.003576448966992909 |    0.00391625998135209 |   0.041554080914571655 | 0.0 | 0.0 | 0.0 | 0.0 | 0.0 | 0.0 | 0.0 |                     0.0 |                     0.0 |                     0.0 |                     0.0 |                     0.0 |                     0.0 |                     0.0 |                     0.0 |                     0.0 |                     0.0 |                     0.0 |                     0.0 |                     0.0 |                     0.0 |                     0.0 |                     0.0 |                     0.0 |                     0.0 |                     0.0 |                     0.0 |
|       msh.spectral.amplitude | 4.086068285278113e-12 | 5.0660283611953146e-23 | 0.0 |  -7.17849340731444e-14 | 2.2813481981044992e-14 | 1.3997575166572186e-12 | 0.0 | 0.0 | 0.0 | 0.0 | 0.0 | 0.0 | 0.0 |                     0.0 |                     0.0 |                     0.0 |                     0.0 |                     0.0 |                     0.0 |                     0.0 |                     0.0 |                     0.0 |                     0.0 |                     0.0 |                     0.0 |                     0.0 |                     0.0 |                     0.0 |                     0.0 |                     0.0 |                     0.0 |                     0.0 |                     0.0 |
|       msh.spectral.reference |                   0.0 |                    0.0 | 0.0 |                    0.0 |                    0.0 |                    0.0 | 0.0 | 0.0 | 0.0 | 0.0 | 0.0 | 0.0 | 0.0 |                     0.0 |                     0.0 |                     0.0 |                     0.0 |                     0.0 |                     0.0 |                     0.0 |                     0.0 |                     0.0 |                     0.0 |                     0.0 |                     0.0 |                     0.0 |                     0.0 |                     0.0 |                     0.0 |                     0.0 |                     0.0 |                     0.0 |                     0.0 |
|            msh.spatial.lon_0 |  0.003576448966992909 |  -7.17849340731444e-14 | 0.0 |    0.22027585815611497 | 0.00021915936986988314 | 0.00021902691268623782 | 0.0 | 0.0 | 0.0 | 0.0 | 0.0 | 0.0 | 0.0 |                     0.0 |                     0.0 |                     0.0 |                     0.0 |                     0.0 |                     0.0 |                     0.0 |                     0.0 |                     0.0 |                     0.0 |                     0.0 |                     0.0 |                     0.0 |                     0.0 |                     0.0 |                     0.0 |                     0.0 |                     0.0 |                     0.0 |                     0.0 |
|            msh.spatial.lat_0 |   0.00391625998135209 | 2.2813481981044992e-14 | 0.0 | 0.00021915936986988314 |     0.1595894584887952 |   0.003769211639518573 | 0.0 | 0.0 | 0.0 | 0.0 | 0.0 | 0.0 | 0.0 |                     0.0 |                     0.0 |                     0.0 |                     0.0 |                     0.0 |                     0.0 |                     0.0 |                     0.0 |                     0.0 |                     0.0 |                     0.0 |                     0.0 |                     0.0 |                     0.0 |                     0.0 |                     0.0 |                     0.0 |                     0.0 |                     0.0 |                     0.0 |
|            msh.spatial.sigma |  0.041554080914571655 | 1.3997575166572186e-12 | 0.0 | 0.00021902691268623782 |   0.003769211639518573 |    0.09751688829345592 | 0.0 | 0.0 | 0.0 | 0.0 | 0.0 | 0.0 | 0.0 |                     0.0 |                     0.0 |                     0.0 |                     0.0 |                     0.0 |                     0.0 |                     0.0 |                     0.0 |                     0.0 |                     0.0 |                     0.0 |                     0.0 |                     0.0 |                     0.0 |                     0.0 |                     0.0 |                     0.0 |                     0.0 |                     0.0 |                     0.0 |
|                msh.spatial.e |                   0.0 |                    0.0 | 0.0 |                    0.0 |                    0.0 |                    0.0 | 0.0 | 0.0 | 0.0 | 0.0 | 0.0 | 0.0 | 0.0 |                     0.0 |                     0.0 |                     0.0 |                     0.0 |                     0.0 |                     0.0 |                     0.0 |                     0.0 |                     0.0 |                     0.0 |                     0.0 |                     0.0 |                     0.0 |                     0.0 |                     0.0 |                     0.0 |                     0.0 |                     0.0 |                     0.0 |                     0.0 |
|              msh.spatial.phi |                   0.0 |                    0.0 | 0.0 |                    0.0 |                    0.0 |                    0.0 | 0.0 | 0.0 | 0.0 | 0.0 | 0.0 | 0.0 | 0.0 |                     0.0 |                     0.0 |                     0.0 |                     0.0 |                     0.0 |                     0.0 |                     0.0 |                     0.0 |                     0.0 |                     0.0 |                     0.0 |                     0.0 |                     0.0 |                     0.0 |                     0.0 |                     0.0 |                     0.0 |                     0.0 |                     0.0 |                     0.0 |
|  3P91rkj--bkg.spectral._norm |                   0.0 |                    0.0 | 0.0 |                    0.0 |                    0.0 |                    0.0 | 0.0 | 0.0 | 0.0 | 0.0 | 0.0 | 0.0 | 0.0 |                     0.0 |                     0.0 |                     0.0 |                     0.0 |                     0.0 |                     0.0 |                     0.0 |                     0.0 |                     0.0 |                     0.0 |                     0.0 |                     0.0 |                     0.0 |                     0.0 |                     0.0 |                     0.0 |                     0.0 |                     0.0 |                     0.0 |                     0.0 |
|  3P91rkj--bkg.spectral.norm0 |                   0.0 |                    0.0 | 0.0 |                    0.0 |                    0.0 |                    0.0 | 0.0 | 0.0 | 0.0 | 0.0 | 0.0 | 0.0 | 0.0 |                     0.0 |                     0.0 |                     0.0 |                     0.0 |                     0.0 |                     0.0 |                     0.0 |                     0.0 |                     0.0 |                     0.0 |                     0.0 |                     0.0 |                     0.0 |                     0.0 |                     0.0 |                     0.0 |                     0.0 |                     0.0 |                     0.0 |                     0.0 |
|  3P91rkj--bkg.spectral.norm1 |                   0.0 |                    0.0 | 0.0 |                    0.0 |                    0.0 |                    0.0 | 0.0 | 0.0 | 0.0 | 0.0 | 0.0 | 0.0 | 0.0 |                     0.0 |                     0.0 |                     0.0 |                     0.0 |                     0.0 |                     0.0 |                     0.0 |                     0.0 |                     0.0 |                     0.0 |                     0.0 |                     0.0 |                     0.0 |                     0.0 |                     0.0 |                     0.0 |                     0.0 |                     0.0 |                     0.0 |                     0.0 |
|  3P91rkj--bkg.spectral.norm2 |                   0.0 |                    0.0 | 0.0 |                    0.0 |                    0.0 |                    0.0 | 0.0 | 0.0 | 0.0 | 0.0 | 0.0 | 0.0 | 0.0 |                     0.0 |                     0.0 |                     0.0 |                     0.0 |                     0.0 |                     0.0 |                     0.0 |                     0.0 |                     0.0 |                     0.0 |                     0.0 |                     0.0 |                     0.0 |                     0.0 |                     0.0 |                     0.0 |                     0.0 |                     0.0 |                     0.0 |                     0.0 |
|  3P91rkj--bkg.spectral.norm3 |                   0.0 |                    0.0 | 0.0 |                    0.0 |                    0.0 |                    0.0 | 0.0 | 0.0 | 0.0 | 0.0 | 0.0 | 0.0 | 0.0 |                     0.0 |                     0.0 |                     0.0 |                     0.0 |                     0.0 |                     0.0 |                     0.0 |                     0.0 |                     0.0 |                     0.0 |                     0.0 |                     0.0 |                     0.0 |                     0.0 |                     0.0 |                     0.0 |                     0.0 |                     0.0 |                     0.0 |                     0.0 |
|  3P91rkj--bkg.spectral.norm4 |                   0.0 |                    0.0 | 0.0 |                    0.0 |                    0.0 |                    0.0 | 0.0 | 0.0 | 0.0 | 0.0 | 0.0 | 0.0 | 0.0 |  2.4060051719524608e-05 |  1.7612077469261048e-05 |  -4.285547822633564e-06 |  -8.006711179133915e-07 |  1.8725638716367005e-06 | -1.3320757824454658e-06 |  4.7265245922400603e-07 |  1.3763626165445717e-07 |  -3.719751086381664e-07 |  3.2386803873433943e-07 | -1.4976633636020004e-07 | -2.0488652718645954e-08 |  1.1689361590635098e-07 | -1.2552427454676643e-07 |   6.804471023174605e-08 |  1.8983810500784793e-08 |  -9.639025606034754e-08 |  1.1916320245174431e-07 |  -4.275297323291602e-09 | -4.6904379200110825e-07 |
|  3P91rkj--bkg.spectral.norm5 |                   0.0 |                    0.0 | 0.0 |                    0.0 |                    0.0 |                    0.0 | 0.0 | 0.0 | 0.0 | 0.0 | 0.0 | 0.0 | 0.0 |  1.7612077469261048e-05 |   2.628909508640626e-05 |   7.291441181064444e-06 |  -3.443345218095048e-06 |    9.54397186489269e-07 |  2.8629866240983004e-07 |  -6.306390152444968e-07 |   4.895219815459454e-07 | -1.9774937594438572e-07 |  -4.188029468864627e-08 |  1.5342571713253058e-07 | -1.4748092252862194e-07 |   7.456130533120977e-08 |   1.076812431630489e-08 |  -6.918954764849091e-08 |   8.058764887844203e-08 |   -3.95679215706134e-08 |  -5.089116546260519e-08 |  1.6277581030492622e-07 |   7.926518104144217e-08 |
|  3P91rkj--bkg.spectral.norm6 |                   0.0 |                    0.0 | 0.0 |                    0.0 |                    0.0 |                    0.0 | 0.0 | 0.0 | 0.0 | 0.0 | 0.0 | 0.0 | 0.0 |  -4.285547822633564e-06 |   7.291441181064444e-06 |  1.7589906985604853e-05 |   5.015338322011124e-06 |  -2.775405069554487e-06 |    9.70467809006178e-07 |  1.0569135091691809e-07 |  -5.060544700287814e-07 |   4.613761103253603e-07 | -2.2823200914231615e-07 | -2.4103242093217346e-09 |   1.347187406518456e-07 | -1.5360536934049056e-07 |   9.194585454682914e-08 |  1.0558887418244622e-09 |  -7.998657140198956e-08 |  1.0896132892121755e-07 |  -5.466944529504935e-08 | -1.2762049555890082e-07 |  3.1158924851738077e-07 |
|  3P91rkj--bkg.spectral.norm7 |                   0.0 |                    0.0 | 0.0 |                    0.0 |                    0.0 |                    0.0 | 0.0 | 0.0 | 0.0 | 0.0 | 0.0 | 0.0 | 0.0 |  -8.006711179133915e-07 |  -3.443345218095048e-06 |   5.015338322011124e-06 |  1.2768943085685767e-05 |   3.664050876553495e-06 |  -2.131860618388484e-06 |   7.986298140466391e-07 |    5.56349907722044e-08 | -4.0676179700640296e-07 |   3.937807365948626e-07 |  -2.064618407564862e-07 |  3.5158458022018315e-09 |  1.2366740965028884e-07 | -1.4939253846670124e-07 |   9.243261267646931e-08 |   7.757801173308028e-09 | -1.0606011725175276e-07 |   1.490889816427551e-07 | -3.4244248520713006e-08 |  -5.648948607521581e-07 |
|  3P91rkj--bkg.spectral.norm8 |                   0.0 |                    0.0 | 0.0 |                    0.0 |                    0.0 |                    0.0 | 0.0 | 0.0 | 0.0 | 0.0 | 0.0 | 0.0 | 0.0 |  1.8725638716367005e-06 |    9.54397186489269e-07 |  -2.775405069554487e-06 |   3.664050876553495e-06 |  1.0260002673520171e-05 |  2.8772979522184076e-06 | -1.7717538215326855e-06 |   7.215615985144337e-07 |   7.646947536000775e-09 |  -3.424735671765826e-07 |  3.5961302823299346e-07 | -2.0310854145866437e-07 |  1.1440879150164897e-08 |  1.2272124042183718e-07 |  -1.601942185912289e-07 |  1.0287596349071006e-07 |  2.3731290097714262e-08 | -1.7667744589716598e-07 |  2.4404570577320434e-07 |   5.171922395858889e-07 |
|  3P91rkj--bkg.spectral.norm9 |                   0.0 |                    0.0 | 0.0 |                    0.0 |                    0.0 |                    0.0 | 0.0 | 0.0 | 0.0 | 0.0 | 0.0 | 0.0 | 0.0 | -1.3320757824454658e-06 |  2.8629866240983004e-07 |    9.70467809006178e-07 |  -2.131860618388484e-06 |  2.8772979522184076e-06 |   8.803302372044495e-06 |   2.481462555109545e-06 | -1.6024246610047678e-06 |   6.923255336276089e-07 | -1.4723978184371013e-08 | -3.2392516717907717e-07 |   3.610149465318328e-07 |  -2.136314612570543e-07 |  1.1742928414572237e-08 |   1.443573415946431e-07 | -1.9681943253858618e-07 |  1.2170193716325962e-07 |   8.628586923450459e-08 | -3.8532857808464056e-07 | -5.3674385951849405e-08 |
| 3P91rkj--bkg.spectral.norm10 |                   0.0 |                    0.0 | 0.0 |                    0.0 |                    0.0 |                    0.0 | 0.0 | 0.0 | 0.0 | 0.0 | 0.0 | 0.0 | 0.0 |  4.7265245922400603e-07 |  -6.306390152444968e-07 |  1.0569135091691809e-07 |   7.986298140466391e-07 | -1.7717538215326855e-06 |   2.481462555109545e-06 |   7.966554147963581e-06 |  2.2936746123218556e-06 | -1.5289543893646415e-06 |   6.819146589237649e-07 |  -1.656305875240641e-08 | -3.3668211999181505e-07 |  3.8680367968585025e-07 | -2.3212512982698573e-07 |  -6.050857083258928e-10 |  1.9785632960632087e-07 | -2.7083563706241157e-07 |  1.3665156277956936e-07 |   3.155587611988435e-07 |    -7.7630956664794e-07 |
| 3P91rkj--bkg.spectral.norm11 |                   0.0 |                    0.0 | 0.0 |                    0.0 |                    0.0 |                    0.0 | 0.0 | 0.0 | 0.0 | 0.0 | 0.0 | 0.0 | 0.0 |  1.3763626165445717e-07 |   4.895219815459454e-07 |  -5.060544700287814e-07 |    5.56349907722044e-08 |   7.215615985144337e-07 | -1.6024246610047678e-06 |  2.2936746123218556e-06 |   7.589630742572846e-06 |  2.2326914667864608e-06 | -1.5271166808403743e-06 |   6.962381696374157e-07 |  -9.782126207748136e-09 | -3.7616211078666664e-07 |   4.412024306955036e-07 | -2.6362022383899025e-07 |  -3.313616121664764e-08 |   3.155013252822898e-07 | -4.2853794209030324e-07 |   7.618639467434607e-08 |  1.6391653272105652e-06 |
| 3P91rkj--bkg.spectral.norm12 |                   0.0 |                    0.0 | 0.0 |                    0.0 |                    0.0 |                    0.0 | 0.0 | 0.0 | 0.0 | 0.0 | 0.0 | 0.0 | 0.0 |  -3.719751086381664e-07 | -1.9774937594438572e-07 |   4.613761103253603e-07 | -4.0676179700640296e-07 |   7.646947536000775e-09 |   6.923255336276089e-07 | -1.5289543893646415e-06 |  2.2326914667864608e-06 |   7.594666511551143e-06 |  2.2876388652613933e-06 | -1.6051856924690772e-06 |    7.45486702824632e-07 |   5.887030791648741e-09 | -4.5634868135640474e-07 |   5.443613732331688e-07 |  -3.148295228379773e-07 | -1.2523267924253425e-07 |   6.161034131941801e-07 |  -7.633859885130596e-07 |  -1.869507739391177e-06 |
| 3P91rkj--bkg.spectral.norm13 |                   0.0 |                    0.0 | 0.0 |                    0.0 |                    0.0 |                    0.0 | 0.0 | 0.0 | 0.0 | 0.0 | 0.0 | 0.0 | 0.0 |  3.2386803873433943e-07 |  -4.188029468864627e-08 | -2.2823200914231615e-07 |   3.937807365948626e-07 |  -3.424735671765826e-07 | -1.4723978184371013e-08 |   6.819146589237649e-07 | -1.5271166808403743e-06 |  2.2876388652613933e-06 |   7.975973334461465e-06 |    2.47736137327511e-06 |  -1.784436681698358e-06 |    8.39723926758126e-07 |  4.1962626460238584e-08 |  -6.111911366791754e-07 |   7.352549572502442e-07 |   -3.79884270252951e-07 |   -4.28161545383815e-07 |   1.456746072145075e-06 |   6.155433455884328e-07 |
| 3P91rkj--bkg.spectral.norm14 |                   0.0 |                    0.0 | 0.0 |                    0.0 |                    0.0 |                    0.0 | 0.0 | 0.0 | 0.0 | 0.0 | 0.0 | 0.0 | 0.0 | -1.4976633636020004e-07 |  1.5342571713253058e-07 | -2.4103242093217346e-09 |  -2.064618407564862e-07 |  3.5961302823299346e-07 | -3.2392516717907717e-07 |  -1.656305875240641e-08 |   6.962381696374157e-07 | -1.6051856924690772e-06 |    2.47736137327511e-06 |   8.821081272450278e-06 |  2.8506594186426003e-06 | -2.1114755235100933e-06 |  1.0005320170599964e-06 |  1.2351131124047198e-07 |  -9.177503468829844e-07 |    1.10279958066133e-06 |  -4.048741604129074e-07 | -1.5176048083097118e-06 |    2.70266243247949e-06 |
| 3P91rkj--bkg.spectral.norm15 |                   0.0 |                    0.0 | 0.0 |                    0.0 |                    0.0 |                    0.0 | 0.0 | 0.0 | 0.0 | 0.0 | 0.0 | 0.0 | 0.0 | -2.0488652718645954e-08 | -1.4748092252862194e-07 |   1.347187406518456e-07 |  3.5158458022018315e-09 | -2.0310854145866437e-07 |   3.610149465318328e-07 | -3.3668211999181505e-07 |  -9.782126207748136e-09 |    7.45486702824632e-07 |  -1.784436681698358e-06 |  2.8506594186426003e-06 |  1.0353936836617264e-05 |  3.5208154942489624e-06 |  -2.694080487001125e-06 |  1.2764380534154013e-06 |   3.221345259753761e-07 | -1.6015530419832389e-06 |  1.9151391807626925e-06 |   2.839507825786338e-08 |  -7.511319006426533e-06 |
| 3P91rkj--bkg.spectral.norm16 |                   0.0 |                    0.0 | 0.0 |                    0.0 |                    0.0 |                    0.0 | 0.0 | 0.0 | 0.0 | 0.0 | 0.0 | 0.0 | 0.0 |  1.1689361590635098e-07 |   7.456130533120977e-08 | -1.5360536934049056e-07 |  1.2366740965028884e-07 |  1.1440879150164897e-08 |  -2.136314612570543e-07 |  3.8680367968585025e-07 | -3.7616211078666664e-07 |   5.887030791648741e-09 |    8.39723926758126e-07 | -2.1114755235100933e-06 |  3.5208154942489624e-06 |  1.3056442021642267e-05 |   4.748973189151751e-06 | -3.7805724649500393e-06 |   1.757969822448008e-06 |     9.1267173068474e-07 | -3.4688359423738205e-06 |  3.7896380117480136e-06 |  1.0749604832589494e-05 |
| 3P91rkj--bkg.spectral.norm17 |                   0.0 |                    0.0 | 0.0 |                    0.0 |                    0.0 |                    0.0 | 0.0 | 0.0 | 0.0 | 0.0 | 0.0 | 0.0 | 0.0 | -1.2552427454676643e-07 |   1.076812431630489e-08 |   9.194585454682914e-08 | -1.4939253846670124e-07 |  1.2272124042183718e-07 |  1.1742928414572237e-08 | -2.3212512982698573e-07 |   4.412024306955036e-07 | -4.5634868135640474e-07 |  4.1962626460238584e-08 |  1.0005320170599964e-06 |  -2.694080487001125e-06 |   4.748973189151751e-06 |  1.8014798876557284e-05 |    7.16936567310386e-06 |  -5.981202140503574e-06 |  2.5731421243213917e-06 |  3.0651866625339874e-06 |  -9.429375549510773e-06 |  -5.243428738521943e-06 |
| 3P91rkj--bkg.spectral.norm18 |                   0.0 |                    0.0 | 0.0 |                    0.0 |                    0.0 |                    0.0 | 0.0 | 0.0 | 0.0 | 0.0 | 0.0 | 0.0 | 0.0 |   6.804471023174605e-08 |  -6.918954764849091e-08 |  1.0558887418244622e-09 |   9.243261267646931e-08 |  -1.601942185912289e-07 |   1.443573415946431e-07 |  -6.050857083258928e-10 | -2.6362022383899025e-07 |   5.443613732331688e-07 |  -6.111911366791754e-07 |  1.2351131124047198e-07 |  1.2764380534154013e-06 | -3.7805724649500393e-06 |    7.16936567310386e-06 |   2.796133248472286e-05 |    1.25421880208098e-05 | -1.1080449360114884e-05 |    3.79923954040679e-06 |  1.2306560178733217e-05 |  -2.125356902146606e-05 |
| 3P91rkj--bkg.spectral.norm19 |                   0.0 |                    0.0 | 0.0 |                    0.0 |                    0.0 |                    0.0 | 0.0 | 0.0 | 0.0 | 0.0 | 0.0 | 0.0 | 0.0 |  1.8983810500784793e-08 |   8.058764887844203e-08 |  -7.998657140198956e-08 |   7.757801173308028e-09 |  1.0287596349071006e-07 | -1.9681943253858618e-07 |  1.9785632960632087e-07 |  -3.313616121664764e-08 |  -3.148295228379773e-07 |   7.352549572502442e-07 |  -9.177503468829844e-07 |   3.221345259753761e-07 |   1.757969822448008e-06 |  -5.981202140503574e-06 |    1.25421880208098e-05 |   5.084931088146931e-05 |  2.7031189856694442e-05 | -2.6023390135509413e-05 |    3.27929696564179e-06 |   8.119765039526789e-05 |
| 3P91rkj--bkg.spectral.norm20 |                   0.0 |                    0.0 | 0.0 |                    0.0 |                    0.0 |                    0.0 | 0.0 | 0.0 | 0.0 | 0.0 | 0.0 | 0.0 | 0.0 |  -9.639025606034754e-08 |   -3.95679215706134e-08 |  1.0896132892121755e-07 | -1.0606011725175276e-07 |  2.3731290097714262e-08 |  1.2170193716325962e-07 | -2.7083563706241157e-07 |   3.155013252822898e-07 | -1.2523267924253425e-07 |   -3.79884270252951e-07 |    1.10279958066133e-06 | -1.6015530419832389e-06 |     9.1267173068474e-07 |  2.5731421243213917e-06 | -1.1080449360114884e-05 |  2.7031189856694442e-05 |  0.00011474000160216472 |   7.990401799470597e-05 |  -8.361555547983387e-05 |  -0.0001476092622952562 |
| 3P91rkj--bkg.spectral.norm21 |                   0.0 |                    0.0 | 0.0 |                    0.0 |                    0.0 |                    0.0 | 0.0 | 0.0 | 0.0 | 0.0 | 0.0 | 0.0 | 0.0 |  1.1916320245174431e-07 |  -5.089116546260519e-08 |  -5.466944529504935e-08 |   1.490889816427551e-07 | -1.7667744589716598e-07 |   8.628586923450459e-08 |  1.3665156277956936e-07 | -4.2853794209030324e-07 |   6.161034131941801e-07 |   -4.28161545383815e-07 |  -4.048741604129074e-07 |  1.9151391807626925e-06 | -3.4688359423738205e-06 |  3.0651866625339874e-06 |    3.79923954040679e-06 | -2.6023390135509413e-05 |   7.990401799470597e-05 |  0.00035386912704045095 |   0.0003647429111601126 | -0.00010664268755415207 |
| 3P91rkj--bkg.spectral.norm22 |                   0.0 |                    0.0 | 0.0 |                    0.0 |                    0.0 |                    0.0 | 0.0 | 0.0 | 0.0 | 0.0 | 0.0 | 0.0 | 0.0 |  -4.275297323291602e-09 |  1.6277581030492622e-07 | -1.2762049555890082e-07 | -3.4244248520713006e-08 |  2.4404570577320434e-07 | -3.8532857808464056e-07 |   3.155587611988435e-07 |   7.618639467434607e-08 |  -7.633859885130596e-07 |   1.456746072145075e-06 | -1.5176048083097118e-06 |   2.839507825786338e-08 |  3.7896380117480136e-06 |  -9.429375549510773e-06 |  1.2306560178733217e-05 |    3.27929696564179e-06 |  -8.361555547983387e-05 |   0.0003647429111601126 |   0.0018456002086988093 |   0.0033488533362157004 |
| 3P91rkj--bkg.spectral.norm23 |                   0.0 |                    0.0 | 0.0 |                    0.0 |                    0.0 |                    0.0 | 0.0 | 0.0 | 0.0 | 0.0 | 0.0 | 0.0 | 0.0 | -4.6904379200110825e-07 |   7.926518104144217e-08 |  3.1158924851738077e-07 |  -5.648948607521581e-07 |   5.171922395858889e-07 | -5.3674385951849405e-08 |    -7.7630956664794e-07 |  1.6391653272105652e-06 |  -1.869507739391177e-06 |   6.155433455884328e-07 |    2.70266243247949e-06 |  -7.511319006426533e-06 |  1.0749604832589494e-05 |  -5.243428738521943e-06 |  -2.125356902146606e-05 |   8.119765039526789e-05 |  -0.0001476092622952562 | -0.00010664268755415207 |   0.0033488533362157004 |    0.011115440971234167 |
