|                   Parameters |                  0 |     1 |   2 |       3 |                  4 |                   5 |   6 |   7 |   8 |   9 |  10 |  11 |  12 |                      13 |                      14 |                      15 |                      16 |                      17 |                      18 |                      19 |                      20 |                      21 |                      22 |                      23 |                      24 |                      25 |                      26 |                      27 |                      28 |                      29 |                      30 |                      31 |                      32 |
|           msh.spectral.index | 2.0000000000000004 |   0.0 | 0.0 |     0.0 |                0.0 |                 0.0 | 0.0 | 0.0 | 0.0 | 0.0 | 0.0 | 0.0 | 0.0 |                     0.0 |                     0.0 |                     0.0 |                     0.0 |                     0.0 |                     0.0 |                     0.0 |                     0.0 |                     0.0 |                     0.0 |                     0.0 |                     0.0 |                     0.0 |                     0.0 |                     0.0 |                     0.0 |                     0.0 |                     0.0 |                     0.0 |                     0.0 |
|       msh.spectral.amplitude |                0.0 | 2e-24 | 0.0 |     0.0 |                0.0 |                 0.0 | 0.0 | 0.0 | 0.0 | 0.0 | 0.0 | 0.0 | 0.0 |                     0.0 |                     0.0 |                     0.0 |                     0.0 |                     0.0 |                     0.0 |                     0.0 |                     0.0 |                     0.0 |                     0.0 |                     0.0 |                     0.0 |                     0.0 |                     0.0 |                     0.0 |                     0.0 |                     0.0 |                     0.0 |                     0.0 |                     0.0 |
|       msh.spectral.reference |                0.0 |   0.0 | 0.0 |     0.0 |                0.0 |                 0.0 | 0.0 | 0.0 | 0.0 | 0.0 | 0.0 | 0.0 | 0.0 |                     0.0 |                     0.0 |                     0.0 |                     0.0 |                     0.0 |                     0.0 |                     0.0 |                     0.0 |                     0.0 |                     0.0 |                     0.0 |                     0.0 |                     0.0 |                     0.0 |                     0.0 |                     0.0 |                     0.0 |                     0.0 |                     0.0 |                     0.0 |
|            msh.spatial.lon_0 |                0.0 |   0.0 | 0.0 | 20000.0 |                0.0 |                 0.0 | 0.0 | 0.0 | 0.0 | 0.0 | 0.0 | 0.0 | 0.0 |                     0.0 |                     0.0 |                     0.0 |                     0.0 |                     0.0 |                     0.0 |                     0.0 |                     0.0 |                     0.0 |                     0.0 |                     0.0 |                     0.0 |                     0.0 |                     0.0 |                     0.0 |                     0.0 |                     0.0 |                     0.0 |                     0.0 |                     0.0 |
|            msh.spatial.lat_0 |                0.0 |   0.0 | 0.0 |     0.0 | 14373.301727777776 |                 0.0 | 0.0 | 0.0 | 0.0 | 0.0 | 0.0 | 0.0 | 0.0 |                     0.0 |                     0.0 |                     0.0 |                     0.0 |                     0.0 |                     0.0 |                     0.0 |                     0.0 |                     0.0 |                     0.0 |                     0.0 |                     0.0 |                     0.0 |                     0.0 |                     0.0 |                     0.0 |                     0.0 |                     0.0 |                     0.0 |                     0.0 |
|            msh.spatial.sigma |                0.0 |   0.0 | 0.0 |     0.0 |                0.0 | 0.01666805497709288 | 0.0 | 0.0 | 0.0 | 0.0 | 0.0 | 0.0 | 0.0 |                     0.0 |                     0.0 |                     0.0 |                     0.0 |                     0.0 |                     0.0 |                     0.0 |                     0.0 |                     0.0 |                     0.0 |                     0.0 |                     0.0 |                     0.0 |                     0.0 |                     0.0 |                     0.0 |                     0.0 |                     0.0 |                     0.0 |                     0.0 |
|                msh.spatial.e |                0.0 |   0.0 | 0.0 |     0.0 |                0.0 |                 0.0 | 0.0 | 0.0 | 0.0 | 0.0 | 0.0 | 0.0 | 0.0 |                     0.0 |                     0.0 |                     0.0 |                     0.0 |                     0.0 |                     0.0 |                     0.0 |                     0.0 |                     0.0 |                     0.0 |                     0.0 |                     0.0 |                     0.0 |                     0.0 |                     0.0 |                     0.0 |                     0.0 |                     0.0 |                     0.0 |                     0.0 |
|              msh.spatial.phi |                0.0 |   0.0 | 0.0 |     0.0 |                0.0 |                 0.0 | 0.0 | 0.0 | 0.0 | 0.0 | 0.0 | 0.0 | 0.0 |                     0.0 |                     0.0 |                     0.0 |                     0.0 |                     0.0 |                     0.0 |                     0.0 |                     0.0 |                     0.0 |                     0.0 |                     0.0 |                     0.0 |                     0.0 |                     0.0 |                     0.0 |                     0.0 |                     0.0 |                     0.0 |                     0.0 |                     0.0 |
|  MLZG7VXb-bkg.spectral._norm |                0.0 |   0.0 | 0.0 |     0.0 |                0.0 |                 0.0 | 0.0 | 0.0 | 0.0 | 0.0 | 0.0 | 0.0 | 0.0 |                     0.0 |                     0.0 |                     0.0 |                     0.0 |                     0.0 |                     0.0 |                     0.0 |                     0.0 |                     0.0 |                     0.0 |                     0.0 |                     0.0 |                     0.0 |                     0.0 |                     0.0 |                     0.0 |                     0.0 |                     0.0 |                     0.0 |                     0.0 |
|  MLZG7VXb-bkg.spectral.norm0 |                0.0 |   0.0 | 0.0 |     0.0 |                0.0 |                 0.0 | 0.0 | 0.0 | 0.0 | 0.0 | 0.0 | 0.0 | 0.0 |                     0.0 |                     0.0 |                     0.0 |                     0.0 |                     0.0 |                     0.0 |                     0.0 |                     0.0 |                     0.0 |                     0.0 |                     0.0 |                     0.0 |                     0.0 |                     0.0 |                     0.0 |                     0.0 |                     0.0 |                     0.0 |                     0.0 |                     0.0 |
|  MLZG7VXb-bkg.spectral.norm1 |                0.0 |   0.0 | 0.0 |     0.0 |                0.0 |                 0.0 | 0.0 | 0.0 | 0.0 | 0.0 | 0.0 | 0.0 | 0.0 |                     0.0 |                     0.0 |                     0.0 |                     0.0 |                     0.0 |                     0.0 |                     0.0 |                     0.0 |                     0.0 |                     0.0 |                     0.0 |                     0.0 |                     0.0 |                     0.0 |                     0.0 |                     0.0 |                     0.0 |                     0.0 |                     0.0 |                     0.0 |
|  MLZG7VXb-bkg.spectral.norm2 |                0.0 |   0.0 | 0.0 |     0.0 |                0.0 |                 0.0 | 0.0 | 0.0 | 0.0 | 0.0 | 0.0 | 0.0 | 0.0 |                     0.0 |                     0.0 |                     0.0 |                     0.0 |                     0.0 |                     0.0 |                     0.0 |                     0.0 |                     0.0 |                     0.0 |                     0.0 |                     0.0 |                     0.0 |                     0.0 |                     0.0 |                     0.0 |                     0.0 |                     0.0 |                     0.0 |                     0.0 |
|  MLZG7VXb-bkg.spectral.norm3 |                0.0 |   0.0 | 0.0 |     0.0 |                0.0 |                 0.0 | 0.0 | 0.0 | 0.0 | 0.0 | 0.0 | 0.0 | 0.0 |                     0.0 |                     0.0 |                     0.0 |                     0.0 |                     0.0 |                     0.0 |                     0.0 |                     0.0 |                     0.0 |                     0.0 |                     0.0 |                     0.0 |                     0.0 |                     0.0 |                     0.0 |                     0.0 |                     0.0 |                     0.0 |                     0.0 |                     0.0 |
|  MLZG7VXb-bkg.spectral.norm4 |                0.0 |   0.0 | 0.0 |     0.0 |                0.0 |                 0.0 | 0.0 | 0.0 | 0.0 | 0.0 | 0.0 | 0.0 | 0.0 |  3.5905766891140085e-05 |   2.752456639231356e-05 | -1.0658322649617285e-05 | -3.7566783409390772e-06 |   7.100535448592642e-06 | -3.1940939794301347e-06 | -1.8948198768220185e-06 |  2.8559234987722505e-06 |  -6.297131295909491e-07 |  -4.774282512068541e-07 |    1.19762526351779e-06 |  -7.247181607564162e-07 |  -6.755637477528924e-07 |   8.735372850418389e-07 |  -5.914414515570839e-07 |  -1.640974503516402e-06 |   1.542476667624193e-06 |     5.1248240461506e-06 |  4.8206413564177615e-06 |   2.018516728574305e-06 |
|  MLZG7VXb-bkg.spectral.norm5 |                0.0 |   0.0 | 0.0 |     0.0 |                0.0 |                 0.0 | 0.0 | 0.0 | 0.0 | 0.0 | 0.0 | 0.0 | 0.0 |   2.752456639231356e-05 |   4.829390185377112e-05 |  1.8401093992682014e-05 |  -9.288508984946789e-06 | -1.3856612089354978e-07 |   4.037089370868692e-06 | -3.0889126978096042e-06 |  -6.400218153803366e-07 |   2.092392708446453e-06 | -3.4461264907669993e-07 | -1.6344036142784803e-08 |   9.408903172363095e-07 |  -5.481602684532902e-07 |  -8.943583915686707e-07 |  2.2350011819951365e-07 |  2.2321836063665674e-07 | -4.2919521397931075e-07 | -2.5022376040448624e-07 |  4.3440212602728066e-07 |    7.52079043282101e-07 |
|  MLZG7VXb-bkg.spectral.norm6 |                0.0 |   0.0 | 0.0 |     0.0 |                0.0 |                 0.0 | 0.0 | 0.0 | 0.0 | 0.0 | 0.0 | 0.0 | 0.0 | -1.0658322649617285e-05 |  1.8401093992682014e-05 |  5.6325365143979526e-05 |  2.6197615500252186e-05 |  -1.193232872956323e-05 |   -7.35836400351759e-07 |   6.802964460259355e-06 |  -3.203450333172336e-06 | -1.9435026949982257e-06 |  1.0163596005886463e-06 |  -1.672905847053157e-06 | -1.4974709739815713e-07 |  1.7260662925926548e-06 |   7.263716530297784e-08 |   7.311700457574971e-07 |   2.151350457197161e-06 | -1.6671675523578597e-06 | -7.2351886220810376e-06 |  -7.578502249004569e-06 |  -3.352886253068328e-06 |
|  MLZG7VXb-bkg.spectral.norm7 |                0.0 |   0.0 | 0.0 |     0.0 |                0.0 |                 0.0 | 0.0 | 0.0 | 0.0 | 0.0 | 0.0 | 0.0 | 0.0 | -3.7566783409390772e-06 |  -9.288508984946789e-06 |  2.6197615500252186e-05 |   6.440251866305968e-05 |   2.920007236248314e-05 |  -1.372860424089143e-05 | -1.7475002868151724e-06 |   7.480810914850194e-06 |  -3.124457827449974e-06 |  -7.843858363323353e-07 |  2.6054883887217933e-06 |  -2.758635735014884e-06 | -1.1825483039129494e-06 |  2.7775112192789244e-06 | -1.9392033150581135e-06 |  -4.527883705252743e-06 |   4.002245654685452e-06 |  1.2956758873588746e-05 |  1.1632052512313003e-05 |   3.731885340065582e-06 |
|  MLZG7VXb-bkg.spectral.norm8 |                0.0 |   0.0 | 0.0 |     0.0 |                0.0 |                 0.0 | 0.0 | 0.0 | 0.0 | 0.0 | 0.0 | 0.0 | 0.0 |   7.100535448592642e-06 | -1.3856612089354978e-07 |  -1.193232872956323e-05 |   2.920007236248314e-05 |   7.289011683790406e-05 |   3.255664407119593e-05 | -1.6735233283180166e-05 |  -3.561360393396272e-06 |   9.754545845611759e-06 |  -7.796323320025346e-07 |  2.2523849720533733e-07 |  4.1729339758369266e-06 |   -2.75360000842677e-06 |  -5.002582606833583e-06 |  1.4400958402267187e-08 |   8.448984738527097e-07 |  -1.418571233414679e-06 | -1.5302429299894823e-07 |   3.080791797193728e-06 |   4.007655026480761e-06 |
|  MLZG7VXb-bkg.spectral.norm9 |                0.0 |   0.0 | 0.0 |     0.0 |                0.0 |                 0.0 | 0.0 | 0.0 | 0.0 | 0.0 | 0.0 | 0.0 | 0.0 | -3.1940939794301347e-06 |   4.037089370868692e-06 |   -7.35836400351759e-07 |  -1.372860424089143e-05 |   3.255664407119593e-05 |   8.698274871261892e-05 |   4.495883656518111e-05 | -1.5460349233234482e-05 |  -8.437786326827543e-06 |  2.6819546678265884e-06 |  -6.528331353056649e-06 |   5.647470475791502e-07 |    6.93170440428968e-06 |   1.546150452813369e-07 |    4.39978449582321e-06 |  1.0205082655414573e-05 |  -8.100458896922358e-06 | -3.3377446574801555e-05 |  -3.415761622307626e-05 | -1.3274046965010845e-05 |
| MLZG7VXb-bkg.spectral.norm10 |                0.0 |   0.0 | 0.0 |     0.0 |                0.0 |                 0.0 | 0.0 | 0.0 | 0.0 | 0.0 | 0.0 | 0.0 | 0.0 | -1.8948198768220185e-06 | -3.0889126978096042e-06 |   6.802964460259355e-06 | -1.7475002868151724e-06 | -1.6735233283180166e-05 |   4.495883656518111e-05 |  0.00011300067600532547 |  5.6677304896825946e-05 | -1.7667161649579727e-05 | -1.6889640845926922e-06 |   7.583589250626642e-06 |  -1.752527154130101e-05 |  -2.112994043555935e-06 |   1.792036066215854e-05 | -1.0973862331890266e-05 |  -2.420578264773871e-05 |  2.6609619956162028e-05 |   7.797115212897008e-05 |   6.752312678526998e-05 |  1.8686567413597485e-05 |
| MLZG7VXb-bkg.spectral.norm11 |                0.0 |   0.0 | 0.0 |     0.0 |                0.0 |                 0.0 | 0.0 | 0.0 | 0.0 | 0.0 | 0.0 | 0.0 | 0.0 |  2.8559234987722505e-06 |  -6.400218153803366e-07 |  -3.203450333172336e-06 |   7.480810914850194e-06 |  -3.561360393396272e-06 | -1.5460349233234482e-05 |  5.6677304896825946e-05 |  0.00013233865853289994 |    8.74037552622814e-05 |  1.9246793614739096e-05 |  1.3046577719871693e-05 |  1.1374065517795914e-06 | -2.0413494899518948e-05 | -2.4268408131843387e-05 |  -3.966852760060312e-05 | -2.5875791484444942e-05 |   7.436643070089983e-05 |  0.00017623179167892587 |  0.00016427699104591058 |    6.36971377158885e-05 |
| MLZG7VXb-bkg.spectral.norm12 |                0.0 |   0.0 | 0.0 |     0.0 |                0.0 |                 0.0 | 0.0 | 0.0 | 0.0 | 0.0 | 0.0 | 0.0 | 0.0 |  -6.297131295909491e-07 |   2.092392708446453e-06 | -1.9435026949982257e-06 |  -3.124457827449974e-06 |   9.754545845611759e-06 |  -8.437786326827543e-06 | -1.7667161649579727e-05 |    8.74037552622814e-05 |  0.00017023869261578023 |   7.460298517957277e-05 |  -7.782332566475319e-06 |  3.8287854970613134e-05 |  1.9047062784798433e-05 |  -7.100852198936766e-05 | -3.1381064652490376e-05 |   9.016471469560441e-05 |   9.239130122474257e-05 |  -1.442318021157302e-05 |   -7.58600130013227e-05 |   -4.57371355410622e-05 |
| MLZG7VXb-bkg.spectral.norm13 |                0.0 |   0.0 | 0.0 |     0.0 |                0.0 |                 0.0 | 0.0 | 0.0 | 0.0 | 0.0 | 0.0 | 0.0 | 0.0 |  -4.774282512068541e-07 | -3.4461264907669993e-07 |  1.0163596005886463e-06 |  -7.843858363323353e-07 |  -7.796323320025346e-07 |  2.6819546678265884e-06 | -1.6889640845926922e-06 |  1.9246793614739096e-05 |   7.460298517957277e-05 |   6.561987009074667e-05 |   7.482226126274886e-06 |   3.398887794745361e-05 |   6.961918695169266e-05 |  2.0561167537604912e-05 |   4.495586120558372e-05 |  0.00015806600408832305 |  0.00010904524854807846 | -0.00012156689795899807 |  -0.0002582779966043379 |  -0.0001778629480285588 |
| MLZG7VXb-bkg.spectral.norm14 |                0.0 |   0.0 | 0.0 |     0.0 |                0.0 |                 0.0 | 0.0 | 0.0 | 0.0 | 0.0 | 0.0 | 0.0 | 0.0 |    1.19762526351779e-06 | -1.6344036142784803e-08 |  -1.672905847053157e-06 |  2.6054883887217933e-06 |  2.2523849720533733e-07 |  -6.528331353056649e-06 |   7.583589250626642e-06 |  1.3046577719871693e-05 |  -7.782332566475319e-06 |   7.482226126274886e-06 |  4.0429899787526966e-05 |   3.461790105696134e-05 |   6.129229661286011e-05 |  0.00013090949965160578 |  0.00013882074795916187 |   0.0001068303156893635 |  0.00011310845114331065 |  0.00010764430735410724 |  3.7110375039965306e-05 |   -4.11293200659832e-05 |
| MLZG7VXb-bkg.spectral.norm15 |                0.0 |   0.0 | 0.0 |     0.0 |                0.0 |                 0.0 | 0.0 | 0.0 | 0.0 | 0.0 | 0.0 | 0.0 | 0.0 |  -7.247181607564162e-07 |   9.408903172363095e-07 | -1.4974709739815713e-07 |  -2.758635735014884e-06 |  4.1729339758369266e-06 |   5.647470475791502e-07 |  -1.752527154130101e-05 |  1.1374065517795914e-06 |  3.8287854970613134e-05 |   3.398887794745361e-05 |   3.461790105696134e-05 |   6.703917456477791e-05 |   8.810395173738372e-05 |  0.00012946683994855522 |  0.00018711138430154063 |   0.0001731406406183484 |   0.0001206977164423251 |  0.00012286314568348946 |  0.00014068010671825266 |   9.905358355109608e-05 |
| MLZG7VXb-bkg.spectral.norm16 |                0.0 |   0.0 | 0.0 |     0.0 |                0.0 |                 0.0 | 0.0 | 0.0 | 0.0 | 0.0 | 0.0 | 0.0 | 0.0 |  -6.755637477528924e-07 |  -5.481602684532902e-07 |  1.7260662925926548e-06 | -1.1825483039129494e-06 |   -2.75360000842677e-06 |    6.93170440428968e-06 |  -2.112994043555935e-06 | -2.0413494899518948e-05 |  1.9047062784798433e-05 |   6.961918695169266e-05 |   6.129229661286011e-05 |   8.810395173738372e-05 |  0.00017774996056065066 |   0.0002329867352978765 |  0.00028687482955426236 |   0.0003396052826318008 |   0.0002309071734038157 | -1.0209173367687509e-05 | -0.00013905143958296636 |  -7.813378779406257e-05 |
| MLZG7VXb-bkg.spectral.norm17 |                0.0 |   0.0 | 0.0 |     0.0 |                0.0 |                 0.0 | 0.0 | 0.0 | 0.0 | 0.0 | 0.0 | 0.0 | 0.0 |   8.735372850418389e-07 |  -8.943583915686707e-07 |   7.263716530297784e-08 |  2.7775112192789244e-06 |  -5.002582606833583e-06 |   1.546150452813369e-07 |   1.792036066215854e-05 | -2.4268408131843387e-05 |  -7.100852198936766e-05 |  2.0561167537604912e-05 |  0.00013090949965160578 |  0.00012946683994855522 |   0.0002329867352978765 |  0.00047665335825766383 |   0.0005326909284913616 |  0.00039767431386272546 |  0.00034644740019364553 |   0.0003341327239128431 |  0.00018034308244030352 |   -3.12831215418126e-05 |
| MLZG7VXb-bkg.spectral.norm18 |                0.0 |   0.0 | 0.0 |     0.0 |                0.0 |                 0.0 | 0.0 | 0.0 | 0.0 | 0.0 | 0.0 | 0.0 | 0.0 |  -5.914414515570839e-07 |  2.2350011819951365e-07 |   7.311700457574971e-07 | -1.9392033150581135e-06 |  1.4400958402267187e-08 |    4.39978449582321e-06 | -1.0973862331890266e-05 |  -3.966852760060312e-05 | -3.1381064652490376e-05 |   4.495586120558372e-05 |  0.00013882074795916187 |  0.00018711138430154063 |  0.00028687482955426236 |   0.0005326909284913616 |   0.0006751785051798503 |   0.0005076992336593708 |   0.0003567612527054694 |   0.0004924922414567126 |   0.0006048191462412593 |  0.00039705978597249494 |
| MLZG7VXb-bkg.spectral.norm19 |                0.0 |   0.0 | 0.0 |     0.0 |                0.0 |                 0.0 | 0.0 | 0.0 | 0.0 | 0.0 | 0.0 | 0.0 | 0.0 |  -1.640974503516402e-06 |  2.2321836063665674e-07 |   2.151350457197161e-06 |  -4.527883705252743e-06 |   8.448984738527097e-07 |  1.0205082655414573e-05 |  -2.420578264773871e-05 | -2.5875791484444942e-05 |   9.016471469560441e-05 |  0.00015806600408832305 |   0.0001068303156893635 |   0.0001731406406183484 |   0.0003396052826318008 |  0.00039767431386272546 |   0.0005076992336593708 |   0.0006750164117869053 |  0.00045002947633279543 | -0.00010410754840915088 |  -0.0003315305259908457 |  -6.857707547511141e-05 |
| MLZG7VXb-bkg.spectral.norm20 |                0.0 |   0.0 | 0.0 |     0.0 |                0.0 |                 0.0 | 0.0 | 0.0 | 0.0 | 0.0 | 0.0 | 0.0 | 0.0 |   1.542476667624193e-06 | -4.2919521397931075e-07 | -1.6671675523578597e-06 |   4.002245654685452e-06 |  -1.418571233414679e-06 |  -8.100458896922358e-06 |  2.6609619956162028e-05 |   7.436643070089983e-05 |   9.239130122474257e-05 |  0.00010904524854807846 |  0.00011310845114331065 |   0.0001206977164423251 |   0.0002309071734038157 |  0.00034644740019364553 |   0.0003567612527054694 |  0.00045002947633279543 |   0.0005054060505768432 |   1.725381273637415e-05 |   -0.000809025939623764 |   -0.001128952107009734 |
| MLZG7VXb-bkg.spectral.norm21 |                0.0 |   0.0 | 0.0 |     0.0 |                0.0 |                 0.0 | 0.0 | 0.0 | 0.0 | 0.0 | 0.0 | 0.0 | 0.0 |     5.1248240461506e-06 | -2.5022376040448624e-07 | -7.2351886220810376e-06 |  1.2956758873588746e-05 | -1.5302429299894823e-07 | -3.3377446574801555e-05 |   7.797115212897008e-05 |  0.00017623179167892587 |  -1.442318021157302e-05 | -0.00012156689795899807 |  0.00010764430735410724 |  0.00012286314568348946 | -1.0209173367687509e-05 |   0.0003341327239128431 |   0.0004924922414567126 | -0.00010410754840915088 |   1.725381273637415e-05 |   0.0015899119209634026 |     0.00258110210365896 |   0.0014974659906121105 |
| MLZG7VXb-bkg.spectral.norm22 |                0.0 |   0.0 | 0.0 |     0.0 |                0.0 |                 0.0 | 0.0 | 0.0 | 0.0 | 0.0 | 0.0 | 0.0 | 0.0 |  4.8206413564177615e-06 |  4.3440212602728066e-07 |  -7.578502249004569e-06 |  1.1632052512313003e-05 |   3.080791797193728e-06 |  -3.415761622307626e-05 |   6.752312678526998e-05 |  0.00016427699104591058 |   -7.58600130013227e-05 |  -0.0002582779966043379 |  3.7110375039965306e-05 |  0.00014068010671825266 | -0.00013905143958296636 |  0.00018034308244030352 |   0.0006048191462412593 |  -0.0003315305259908457 |   -0.000809025939623764 |     0.00258110210365896 |    0.008327744720201495 |    0.010956894355986084 |
| MLZG7VXb-bkg.spectral.norm23 |                0.0 |   0.0 | 0.0 |     0.0 |                0.0 |                 0.0 | 0.0 | 0.0 | 0.0 | 0.0 | 0.0 | 0.0 | 0.0 |   2.018516728574305e-06 |    7.52079043282101e-07 |  -3.352886253068328e-06 |   3.731885340065582e-06 |   4.007655026480761e-06 | -1.3274046965010845e-05 |  1.8686567413597485e-05 |    6.36971377158885e-05 |   -4.57371355410622e-05 |  -0.0001778629480285588 |   -4.11293200659832e-05 |   9.905358355109608e-05 |  -7.813378779406257e-05 |   -3.12831215418126e-05 |  0.00039705978597249494 |  -6.857707547511141e-05 |   -0.001128952107009734 |   0.0014974659906121105 |    0.010956894355986084 |    0.022676672567136465 |
