|                           Parameters |                      0 |                      1 |   2 |                      3 |                      4 |                       5 |   6 |                       7 |                     8 |   9 |  10 |  11 |  12 |  13 |  14 |                      15 |                      16 |                      17 |                      18 |                      19 |                      20 |                      21 |                      22 |                      23 |                      24 |                      25 |                      26 |                      27 |                      28 |                      29 |                      30 |                      31 |                      32 |                      33 |                      34 |
|              aEaZD8Bs.spectral.index |     0.2097181228330215 |  8.345071759523925e-14 | 0.0 |  9.978219661544341e-05 | 2.1741890240175893e-05 |                     0.0 | 0.0 |                     0.0 |                   0.0 | 0.0 | 0.0 | 0.0 | 0.0 | 0.0 | 0.0 |                     0.0 |                     0.0 |                     0.0 |                     0.0 |                     0.0 |                     0.0 |                     0.0 |                     0.0 |                     0.0 |                     0.0 |                     0.0 |                     0.0 |                     0.0 |                     0.0 |                     0.0 |                     0.0 |                     0.0 |                     0.0 |                     0.0 |                     0.0 |
|          aEaZD8Bs.spectral.amplitude |  8.345071759523925e-14 |  2.562471490488561e-25 | 0.0 | -6.134023862499107e-16 | -7.186420047816128e-17 |                     0.0 | 0.0 |                     0.0 |                   0.0 | 0.0 | 0.0 | 0.0 | 0.0 | 0.0 | 0.0 |                     0.0 |                     0.0 |                     0.0 |                     0.0 |                     0.0 |                     0.0 |                     0.0 |                     0.0 |                     0.0 |                     0.0 |                     0.0 |                     0.0 |                     0.0 |                     0.0 |                     0.0 |                     0.0 |                     0.0 |                     0.0 |                     0.0 |                     0.0 |
|          aEaZD8Bs.spectral.reference |                    0.0 |                    0.0 | 0.0 |                    0.0 |                    0.0 |                     0.0 | 0.0 |                     0.0 |                   0.0 | 0.0 | 0.0 | 0.0 | 0.0 | 0.0 | 0.0 |                     0.0 |                     0.0 |                     0.0 |                     0.0 |                     0.0 |                     0.0 |                     0.0 |                     0.0 |                     0.0 |                     0.0 |                     0.0 |                     0.0 |                     0.0 |                     0.0 |                     0.0 |                     0.0 |                     0.0 |                     0.0 |                     0.0 |                     0.0 |
|               aEaZD8Bs.spatial.lon_0 |  9.978219661544341e-05 | -6.134023862499107e-16 | 0.0 |  0.0006906056065574174 |  4.315653416706093e-07 |                     0.0 | 0.0 |                     0.0 |                   0.0 | 0.0 | 0.0 | 0.0 | 0.0 | 0.0 | 0.0 |                     0.0 |                     0.0 |                     0.0 |                     0.0 |                     0.0 |                     0.0 |                     0.0 |                     0.0 |                     0.0 |                     0.0 |                     0.0 |                     0.0 |                     0.0 |                     0.0 |                     0.0 |                     0.0 |                     0.0 |                     0.0 |                     0.0 |                     0.0 |
|               aEaZD8Bs.spatial.lat_0 | 2.1741890240175893e-05 | -7.186420047816128e-17 | 0.0 |  4.315653416706093e-07 |  0.0005147073516097036 |                     0.0 | 0.0 |                     0.0 |                   0.0 | 0.0 | 0.0 | 0.0 | 0.0 | 0.0 | 0.0 |                     0.0 |                     0.0 |                     0.0 |                     0.0 |                     0.0 |                     0.0 |                     0.0 |                     0.0 |                     0.0 |                     0.0 |                     0.0 |                     0.0 |                     0.0 |                     0.0 |                     0.0 |                     0.0 |                     0.0 |                     0.0 |                     0.0 |                     0.0 |
|       v93Z7gKf-irf.e_reco_model.bias |                    0.0 |                    0.0 | 0.0 |                    0.0 |                    0.0 |    0.009743412700105408 | 0.0 | -1.5557206050511528e-07 |  9.52300013039325e-12 | 0.0 | 0.0 | 0.0 | 0.0 | 0.0 | 0.0 |                     0.0 |                     0.0 |                     0.0 |                     0.0 |                     0.0 |                     0.0 |                     0.0 |                     0.0 |                     0.0 |                     0.0 |                     0.0 |                     0.0 |                     0.0 |                     0.0 |                     0.0 |                     0.0 |                     0.0 |                     0.0 |                     0.0 |                     0.0 |
| v93Z7gKf-irf.e_reco_model.resolution |                    0.0 |                    0.0 | 0.0 |                    0.0 |                    0.0 |                     0.0 | 0.0 |                     0.0 |                   0.0 | 0.0 | 0.0 | 0.0 | 0.0 | 0.0 | 0.0 |                     0.0 |                     0.0 |                     0.0 |                     0.0 |                     0.0 |                     0.0 |                     0.0 |                     0.0 |                     0.0 |                     0.0 |                     0.0 |                     0.0 |                     0.0 |                     0.0 |                     0.0 |                     0.0 |                     0.0 |                     0.0 |                     0.0 |                     0.0 |
|           v93Z7gKf-irf.spectral.norm |                    0.0 |                    0.0 | 0.0 |                    0.0 |                    0.0 | -1.5557206050511528e-07 | 0.0 |    0.009876477680084029 | 8.151287502716163e-08 | 0.0 | 0.0 | 0.0 | 0.0 | 0.0 | 0.0 |                     0.0 |                     0.0 |                     0.0 |                     0.0 |                     0.0 |                     0.0 |                     0.0 |                     0.0 |                     0.0 |                     0.0 |                     0.0 |                     0.0 |                     0.0 |                     0.0 |                     0.0 |                     0.0 |                     0.0 |                     0.0 |                     0.0 |                     0.0 |
|           v93Z7gKf-irf.spectral.tilt |                    0.0 |                    0.0 | 0.0 |                    0.0 |                    0.0 |    9.52300013039325e-12 | 0.0 |   8.151287502716163e-08 | 0.0003946159925519416 | 0.0 | 0.0 | 0.0 | 0.0 | 0.0 | 0.0 |                     0.0 |                     0.0 |                     0.0 |                     0.0 |                     0.0 |                     0.0 |                     0.0 |                     0.0 |                     0.0 |                     0.0 |                     0.0 |                     0.0 |                     0.0 |                     0.0 |                     0.0 |                     0.0 |                     0.0 |                     0.0 |                     0.0 |                     0.0 |
|      v93Z7gKf-irf.spectral.reference |                    0.0 |                    0.0 | 0.0 |                    0.0 |                    0.0 |                     0.0 | 0.0 |                     0.0 |                   0.0 | 0.0 | 0.0 | 0.0 | 0.0 | 0.0 | 0.0 |                     0.0 |                     0.0 |                     0.0 |                     0.0 |                     0.0 |                     0.0 |                     0.0 |                     0.0 |                     0.0 |                     0.0 |                     0.0 |                     0.0 |                     0.0 |                     0.0 |                     0.0 |                     0.0 |                     0.0 |                     0.0 |                     0.0 |                     0.0 |
|          v93Z7gKf-bkg.spectral._norm |                    0.0 |                    0.0 | 0.0 |                    0.0 |                    0.0 |                     0.0 | 0.0 |                     0.0 |                   0.0 | 0.0 | 0.0 | 0.0 | 0.0 | 0.0 | 0.0 |                     0.0 |                     0.0 |                     0.0 |                     0.0 |                     0.0 |                     0.0 |                     0.0 |                     0.0 |                     0.0 |                     0.0 |                     0.0 |                     0.0 |                     0.0 |                     0.0 |                     0.0 |                     0.0 |                     0.0 |                     0.0 |                     0.0 |                     0.0 |
|          v93Z7gKf-bkg.spectral.norm0 |                    0.0 |                    0.0 | 0.0 |                    0.0 |                    0.0 |                     0.0 | 0.0 |                     0.0 |                   0.0 | 0.0 | 0.0 | 0.0 | 0.0 | 0.0 | 0.0 |                     0.0 |                     0.0 |                     0.0 |                     0.0 |                     0.0 |                     0.0 |                     0.0 |                     0.0 |                     0.0 |                     0.0 |                     0.0 |                     0.0 |                     0.0 |                     0.0 |                     0.0 |                     0.0 |                     0.0 |                     0.0 |                     0.0 |                     0.0 |
|          v93Z7gKf-bkg.spectral.norm1 |                    0.0 |                    0.0 | 0.0 |                    0.0 |                    0.0 |                     0.0 | 0.0 |                     0.0 |                   0.0 | 0.0 | 0.0 | 0.0 | 0.0 | 0.0 | 0.0 |                     0.0 |                     0.0 |                     0.0 |                     0.0 |                     0.0 |                     0.0 |                     0.0 |                     0.0 |                     0.0 |                     0.0 |                     0.0 |                     0.0 |                     0.0 |                     0.0 |                     0.0 |                     0.0 |                     0.0 |                     0.0 |                     0.0 |                     0.0 |
|          v93Z7gKf-bkg.spectral.norm2 |                    0.0 |                    0.0 | 0.0 |                    0.0 |                    0.0 |                     0.0 | 0.0 |                     0.0 |                   0.0 | 0.0 | 0.0 | 0.0 | 0.0 | 0.0 | 0.0 |                     0.0 |                     0.0 |                     0.0 |                     0.0 |                     0.0 |                     0.0 |                     0.0 |                     0.0 |                     0.0 |                     0.0 |                     0.0 |                     0.0 |                     0.0 |                     0.0 |                     0.0 |                     0.0 |                     0.0 |                     0.0 |                     0.0 |                     0.0 |
|          v93Z7gKf-bkg.spectral.norm3 |                    0.0 |                    0.0 | 0.0 |                    0.0 |                    0.0 |                     0.0 | 0.0 |                     0.0 |                   0.0 | 0.0 | 0.0 | 0.0 | 0.0 | 0.0 | 0.0 |                     0.0 |                     0.0 |                     0.0 |                     0.0 |                     0.0 |                     0.0 |                     0.0 |                     0.0 |                     0.0 |                     0.0 |                     0.0 |                     0.0 |                     0.0 |                     0.0 |                     0.0 |                     0.0 |                     0.0 |                     0.0 |                     0.0 |                     0.0 |
|          v93Z7gKf-bkg.spectral.norm4 |                    0.0 |                    0.0 | 0.0 |                    0.0 |                    0.0 |                     0.0 | 0.0 |                     0.0 |                   0.0 | 0.0 | 0.0 | 0.0 | 0.0 | 0.0 | 0.0 |   2.407873129494067e-07 |  1.7631015826805682e-07 |  -4.285672845765307e-08 |  -8.031341219940668e-09 |  1.8740971024849266e-08 | -1.3326473973992259e-08 |   4.724693057128437e-09 |  1.3798914952820796e-09 |  -3.722796985069671e-09 |   3.239878546132911e-09 | -1.4974094509141005e-09 | -2.0578606490428822e-10 |  1.1700035054447983e-09 | -1.2556943911735453e-09 |   6.803535481220492e-10 |  1.9046132492586457e-10 |  -9.643132451081752e-10 |  1.1922971547054033e-09 |  -4.137074289876156e-11 |  -4.691678660790429e-09 |
|          v93Z7gKf-bkg.spectral.norm5 |                    0.0 |                    0.0 | 0.0 |                    0.0 |                    0.0 |                     0.0 | 0.0 |                     0.0 |                   0.0 | 0.0 | 0.0 | 0.0 | 0.0 | 0.0 | 0.0 |  1.7631015826805682e-07 |   2.631354553023083e-07 |   7.296958318786923e-08 |  -3.446038982206111e-08 |   9.551146883304126e-09 |  2.8629278583563153e-09 |  -6.310236151188407e-09 |   4.898144030495463e-09 | -1.9792732488029354e-09 |  -4.187402309945589e-10 |  1.5350020576785144e-09 | -1.4756212228501577e-09 |    7.46307135085936e-10 |  1.0765250106876879e-10 |  -6.921944314814311e-10 |    8.06500074085772e-10 | -3.9574796380211466e-10 |  -5.085763307510546e-10 |  1.6301136041086998e-09 |   7.958276629898665e-10 |
|          v93Z7gKf-bkg.spectral.norm6 |                    0.0 |                    0.0 | 0.0 |                    0.0 |                    0.0 |                     0.0 | 0.0 |                     0.0 |                   0.0 | 0.0 | 0.0 | 0.0 | 0.0 | 0.0 | 0.0 |  -4.285672845765307e-08 |   7.296958318786923e-08 |  1.7597560079860288e-07 |  5.0169898147061654e-08 |  -2.776396522980606e-08 |    9.70737204700151e-09 |  1.0568385253855036e-09 | -5.0619428963485205e-09 |   4.614828321947038e-09 | -2.2830129678618516e-09 |   -2.40355643011226e-11 |  1.3474608215346415e-09 | -1.5364074953256703e-09 |   9.197510934186705e-10 |  1.0537256090905328e-11 |  -7.999601857814541e-10 |  1.0900588317614915e-09 |   -5.46617716362131e-10 | -1.2757153429391625e-09 |  3.1186859818648584e-09 |
|          v93Z7gKf-bkg.spectral.norm7 |                    0.0 |                    0.0 | 0.0 |                    0.0 |                    0.0 |                     0.0 | 0.0 |                     0.0 |                   0.0 | 0.0 | 0.0 | 0.0 | 0.0 | 0.0 | 0.0 |  -8.031341219940668e-09 |  -3.446038982206111e-08 |  5.0169898147061654e-08 |  1.2772123305782372e-07 |  3.6646775192114426e-08 | -2.1322150756517996e-08 |    7.98721013973626e-09 |   5.561547421295763e-10 |  -4.067994120311857e-09 |   3.938080367485501e-09 | -2.0648789269336092e-09 |  3.5246874456284884e-11 |  1.2367485265461733e-09 | -1.4940146442376218e-09 |   9.244042271099238e-10 |   7.752320124722747e-11 | -1.0603954441985659e-09 |   1.491449673246868e-09 | -3.4285786038081883e-10 |  -5.651266003147852e-09 |
|          v93Z7gKf-bkg.spectral.norm8 |                    0.0 |                    0.0 | 0.0 |                    0.0 |                    0.0 |                     0.0 | 0.0 |                     0.0 |                   0.0 | 0.0 | 0.0 | 0.0 | 0.0 | 0.0 | 0.0 |  1.8740971024849266e-08 |   9.551146883304126e-09 |  -2.776396522980606e-08 |  3.6646775192114426e-08 |  1.0261755799706294e-07 |  2.8776596695997967e-08 |  -1.771949644403435e-08 |   7.216376320519237e-09 |   7.616287221513166e-11 |  -3.424898084544415e-09 |   3.596356019748008e-09 | -2.0313073871450823e-09 |  1.1457782430064672e-10 |  1.2272188384961257e-09 | -1.6021663125975247e-09 |   1.028884940664528e-09 |  2.3735611752822885e-10 | -1.7667896475219749e-09 |  2.4412867552130963e-09 |   5.173998557723181e-09 |
|          v93Z7gKf-bkg.spectral.norm9 |                    0.0 |                    0.0 | 0.0 |                    0.0 |                    0.0 |                     0.0 | 0.0 |                     0.0 |                   0.0 | 0.0 | 0.0 | 0.0 | 0.0 | 0.0 | 0.0 | -1.3326473973992259e-08 |  2.8629278583563153e-09 |    9.70737204700151e-09 | -2.1322150756517996e-08 |  2.8776596695997967e-08 |   8.804276817634306e-08 |   2.481647678275383e-08 |  -1.602555185479306e-08 |    6.92382490425102e-09 |  -1.474681354273524e-10 | -3.2393663557961425e-09 |   3.610314471177828e-09 | -2.1365056738874544e-09 |   1.175262149132551e-10 |  1.4435164374916801e-09 | -1.9683456235931527e-09 |  1.2172099882272446e-09 |   8.625472095853689e-10 |  -3.854445701161814e-09 |   -5.37848864778347e-10 |
|         v93Z7gKf-bkg.spectral.norm10 |                    0.0 |                    0.0 | 0.0 |                    0.0 |                    0.0 |                     0.0 | 0.0 |                     0.0 |                   0.0 | 0.0 | 0.0 | 0.0 | 0.0 | 0.0 | 0.0 |   4.724693057128437e-09 |  -6.310236151188407e-09 |  1.0568385253855036e-09 |    7.98721013973626e-09 |  -1.771949644403435e-08 |   2.481647678275383e-08 |   7.966998950895872e-08 |  2.2937426429960554e-08 | -1.5290093624939396e-08 |    6.81934731942583e-09 | -1.6577726577315922e-10 | -3.3667823491391438e-09 |   3.868124387906427e-09 | -2.3213409475797213e-09 | -5.9777288473256855e-12 |  1.9785528239137795e-09 | -2.7082875294135214e-09 |  1.3667835960370083e-09 |   3.154826063056494e-09 |  -7.766096411937592e-09 |
|         v93Z7gKf-bkg.spectral.norm11 |                    0.0 |                    0.0 | 0.0 |                    0.0 |                    0.0 |                     0.0 | 0.0 |                     0.0 |                   0.0 | 0.0 | 0.0 | 0.0 | 0.0 | 0.0 | 0.0 |  1.3798914952820796e-09 |   4.898144030495463e-09 | -5.0619428963485205e-09 |   5.561547421295763e-10 |   7.216376320519237e-09 |  -1.602555185479306e-08 |  2.2937426429960554e-08 |   7.589860106187939e-08 |  2.2327247469212103e-08 |  -1.527133651532288e-08 |   6.962538259338899e-09 |  -9.793603677874284e-11 |  -3.761557344354452e-09 |    4.41201806358833e-09 | -2.6363182538990917e-09 |  -3.311739149352367e-10 |  3.1549881968308295e-09 |  -4.285577221231299e-09 |   7.634868569630261e-10 |   1.639701590565089e-08 |
|         v93Z7gKf-bkg.spectral.norm12 |                    0.0 |                    0.0 | 0.0 |                    0.0 |                    0.0 |                     0.0 | 0.0 |                     0.0 |                   0.0 | 0.0 | 0.0 | 0.0 | 0.0 | 0.0 | 0.0 |  -3.722796985069671e-09 | -1.9792732488029354e-09 |   4.614828321947038e-09 |  -4.067994120311857e-09 |   7.616287221513166e-11 |    6.92382490425102e-09 | -1.5290093624939396e-08 |  2.2327247469212103e-08 |    7.59478107945809e-08 |  2.2876353322681416e-08 | -1.6051987609945695e-08 |   7.454977127084013e-09 |   5.871810098610249e-11 |  -4.563426034658204e-09 |   5.443637722038731e-09 | -3.1484483785979674e-09 | -1.2520793111662162e-09 |   6.160916437989059e-09 |  -7.636993918160799e-09 | -1.8703260044891534e-08 |
|         v93Z7gKf-bkg.spectral.norm13 |                    0.0 |                    0.0 | 0.0 |                    0.0 |                    0.0 |                     0.0 | 0.0 |                     0.0 |                   0.0 | 0.0 | 0.0 | 0.0 | 0.0 | 0.0 | 0.0 |   3.239878546132911e-09 |  -4.187402309945589e-10 | -2.2830129678618516e-09 |   3.938080367485501e-09 |  -3.424898084544415e-09 |  -1.474681354273524e-10 |    6.81934731942583e-09 |  -1.527133651532288e-08 |  2.2876353322681416e-08 |   7.975961723318565e-08 |  2.4773348025915398e-08 | -1.7844177273068478e-08 |   8.397297874268724e-09 |   4.194863711745009e-10 |  -6.111814246913317e-09 |   7.352531101446762e-09 | -3.7990223726101874e-09 |  -4.281401876037261e-09 |   1.456892299035867e-08 |  6.1589353134154484e-09 |
|         v93Z7gKf-bkg.spectral.norm14 |                    0.0 |                    0.0 | 0.0 |                    0.0 |                    0.0 |                     0.0 | 0.0 |                     0.0 |                   0.0 | 0.0 | 0.0 | 0.0 | 0.0 | 0.0 | 0.0 | -1.4974094509141005e-09 |  1.5350020576785144e-09 |   -2.40355643011226e-11 | -2.0648789269336092e-09 |   3.596356019748008e-09 | -3.2393663557961425e-09 | -1.6577726577315922e-10 |   6.962538259338899e-09 | -1.6051987609945695e-08 |  2.4773348025915398e-08 |   8.821039440446967e-08 |  2.8506226397114718e-08 |  -2.111464100346993e-08 |  1.0005304180773955e-08 |  1.2349051924942853e-09 |  -9.177251624648448e-09 |  1.1028029993575512e-08 | -4.0494298560148026e-09 |   -1.51748124782279e-08 |  2.7033637435400458e-08 |
|         v93Z7gKf-bkg.spectral.norm15 |                    0.0 |                    0.0 | 0.0 |                    0.0 |                    0.0 |                     0.0 | 0.0 |                     0.0 |                   0.0 | 0.0 | 0.0 | 0.0 | 0.0 | 0.0 | 0.0 | -2.0578606490428822e-10 | -1.4756212228501577e-09 |  1.3474608215346415e-09 |  3.5246874456284884e-11 | -2.0313073871450823e-09 |   3.610314471177828e-09 | -3.3667823491391438e-09 |  -9.793603677874284e-11 |   7.454977127084013e-09 | -1.7844177273068478e-08 |  2.8506226397114718e-08 |  1.0353833210622801e-07 |  3.5207722403248634e-08 | -2.6940398353207064e-08 |   1.276436941536482e-08 |   3.221033875996701e-09 |  -1.601474095809089e-08 |  1.9151971957658437e-08 |   2.766289943103865e-10 |  -7.513715895390459e-08 |
|         v93Z7gKf-bkg.spectral.norm16 |                    0.0 |                    0.0 | 0.0 |                    0.0 |                    0.0 |                     0.0 | 0.0 |                     0.0 |                   0.0 | 0.0 | 0.0 | 0.0 | 0.0 | 0.0 | 0.0 |  1.1700035054447983e-09 |    7.46307135085936e-10 | -1.5364074953256703e-09 |  1.2367485265461733e-09 |  1.1457782430064672e-10 | -2.1365056738874544e-09 |   3.868124387906427e-09 |  -3.761557344354452e-09 |   5.871810098610249e-11 |   8.397297874268724e-09 |  -2.111464100346993e-08 |  3.5207722403248634e-08 |  1.3056351213311116e-07 |   4.748916817036746e-08 |  -3.780551965965969e-08 |  1.7580130913099152e-08 |   9.125736921766843e-09 | -3.4688570673391394e-08 |  3.7910414422727224e-08 |  1.0753908786636493e-07 |
|         v93Z7gKf-bkg.spectral.norm17 |                    0.0 |                    0.0 | 0.0 |                    0.0 |                    0.0 |                     0.0 | 0.0 |                     0.0 |                   0.0 | 0.0 | 0.0 | 0.0 | 0.0 | 0.0 | 0.0 | -1.2556943911735453e-09 |  1.0765250106876879e-10 |   9.197510934186705e-10 | -1.4940146442376218e-09 |  1.2272188384961257e-09 |   1.175262149132551e-10 | -2.3213409475797213e-09 |    4.41201806358833e-09 |  -4.563426034658204e-09 |   4.194863711745009e-10 |  1.0005304180773955e-08 | -2.6940398353207064e-08 |   4.748916817036746e-08 |  1.8014606927266032e-07 |   7.169266730771046e-08 |   -5.98115019276683e-08 |  2.5732453686534505e-08 |  3.0650782650173693e-08 |  -9.430655425276965e-08 | -5.2467628499129885e-08 |
|         v93Z7gKf-bkg.spectral.norm18 |                    0.0 |                    0.0 | 0.0 |                    0.0 |                    0.0 |                     0.0 | 0.0 |                     0.0 |                   0.0 | 0.0 | 0.0 | 0.0 | 0.0 | 0.0 | 0.0 |   6.803535481220492e-10 |  -6.921944314814311e-10 |  1.0537256090905328e-11 |   9.244042271099238e-10 | -1.6021663125975247e-09 |  1.4435164374916801e-09 | -5.9777288473256855e-12 | -2.6363182538990917e-09 |   5.443637722038731e-09 |  -6.111814246913317e-09 |  1.2349051924942853e-09 |   1.276436941536482e-08 |  -3.780551965965969e-08 |   7.169266730771046e-08 |  2.7961091865590615e-07 |  1.2541982124028748e-07 | -1.1080312346076248e-07 |   3.799691775070103e-08 |  1.2305671206329483e-07 | -2.1258450851577491e-07 |
|         v93Z7gKf-bkg.spectral.norm19 |                    0.0 |                    0.0 | 0.0 |                    0.0 |                    0.0 |                     0.0 | 0.0 |                     0.0 |                   0.0 | 0.0 | 0.0 | 0.0 | 0.0 | 0.0 | 0.0 |  1.9046132492586457e-10 |    8.06500074085772e-10 |  -7.999601857814541e-10 |   7.752320124722747e-11 |   1.028884940664528e-09 | -1.9683456235931527e-09 |  1.9785528239137795e-09 |  -3.311739149352367e-10 | -3.1484483785979674e-09 |   7.352531101446762e-09 |  -9.177251624648448e-09 |   3.221033875996701e-09 |  1.7580130913099152e-08 |   -5.98115019276683e-08 |  1.2541982124028748e-07 |   5.084908660155493e-07 |   2.703037015080798e-07 |  -2.602414057375406e-07 |  3.2872279479030766e-08 |   8.122552905897292e-07 |
|         v93Z7gKf-bkg.spectral.norm20 |                    0.0 |                    0.0 | 0.0 |                    0.0 |                    0.0 |                     0.0 | 0.0 |                     0.0 |                   0.0 | 0.0 | 0.0 | 0.0 | 0.0 | 0.0 | 0.0 |  -9.643132451081752e-10 | -3.9574796380211466e-10 |  1.0900588317614915e-09 | -1.0603954441985659e-09 |  2.3735611752822885e-10 |  1.2172099882272446e-09 | -2.7082875294135214e-09 |  3.1549881968308295e-09 | -1.2520793111662162e-09 | -3.7990223726101874e-09 |  1.1028029993575512e-08 |  -1.601474095809089e-08 |   9.125736921766843e-09 |  2.5732453686534505e-08 | -1.1080312346076248e-07 |   2.703037015080798e-07 |  1.1474076856744795e-06 |   7.990451737964752e-07 |  -8.363633443284469e-07 | -1.4767407424604185e-06 |
|         v93Z7gKf-bkg.spectral.norm21 |                    0.0 |                    0.0 | 0.0 |                    0.0 |                    0.0 |                     0.0 | 0.0 |                     0.0 |                   0.0 | 0.0 | 0.0 | 0.0 | 0.0 | 0.0 | 0.0 |  1.1922971547054033e-09 |  -5.085763307510546e-10 |   -5.46617716362131e-10 |   1.491449673246868e-09 | -1.7667896475219749e-09 |   8.625472095853689e-10 |  1.3667835960370083e-09 |  -4.285577221231299e-09 |   6.160916437989059e-09 |  -4.281401876037261e-09 | -4.0494298560148026e-09 |  1.9151971957658437e-08 | -3.4688570673391394e-08 |  3.0650782650173693e-08 |   3.799691775070103e-08 |  -2.602414057375406e-07 |   7.990451737964752e-07 |   3.538848431082623e-06 |    3.64777548284028e-06 | -1.0661428106273504e-06 |
|         v93Z7gKf-bkg.spectral.norm22 |                    0.0 |                    0.0 | 0.0 |                    0.0 |                    0.0 |                     0.0 | 0.0 |                     0.0 |                   0.0 | 0.0 | 0.0 | 0.0 | 0.0 | 0.0 | 0.0 |  -4.137074289876156e-11 |  1.6301136041086998e-09 | -1.2757153429391625e-09 | -3.4285786038081883e-10 |  2.4412867552130963e-09 |  -3.854445701161814e-09 |   3.154826063056494e-09 |   7.634868569630261e-10 |  -7.636993918160799e-09 |   1.456892299035867e-08 |   -1.51748124782279e-08 |   2.766289943103865e-10 |  3.7910414422727224e-08 |  -9.430655425276965e-08 |  1.2305671206329483e-07 |  3.2872279479030766e-08 |  -8.363633443284469e-07 |    3.64777548284028e-06 |  1.8461320149462186e-05 |   3.350310489192283e-05 |
|         v93Z7gKf-bkg.spectral.norm23 |                    0.0 |                    0.0 | 0.0 |                    0.0 |                    0.0 |                     0.0 | 0.0 |                     0.0 |                   0.0 | 0.0 | 0.0 | 0.0 | 0.0 | 0.0 | 0.0 |  -4.691678660790429e-09 |   7.958276629898665e-10 |  3.1186859818648584e-09 |  -5.651266003147852e-09 |   5.173998557723181e-09 |   -5.37848864778347e-10 |  -7.766096411937592e-09 |   1.639701590565089e-08 | -1.8703260044891534e-08 |  6.1589353134154484e-09 |  2.7033637435400458e-08 |  -7.513715895390459e-08 |  1.0753908786636493e-07 | -5.2467628499129885e-08 | -2.1258450851577491e-07 |   8.122552905897292e-07 | -1.4767407424604185e-06 | -1.0661428106273504e-06 |   3.350310489192283e-05 |  0.00011119785599726591 |
