|                           Parameters |                      0 |                       1 |   2 |                       3 |                       4 |                       5 |   6 |                      7 |                       8 |   9 |  10 |  11 |  12 |  13 |  14 |                      15 |                      16 |                      17 |                      18 |                      19 |                      20 |                      21 |                      22 |                      23 |                      24 |                      25 |                      26 |                      27 |                      28 |                      29 |                      30 |                      31 |                      32 |                      33 |                      34 |
|              aEaZD8Bs.spectral.index |   0.026221297557427588 |   9.240212364749813e-15 | 0.0 |  1.6457882956316655e-05 |   2.116320021767278e-06 |                     0.0 | 0.0 |                    0.0 |                     0.0 | 0.0 | 0.0 | 0.0 | 0.0 | 0.0 | 0.0 |                     0.0 |                     0.0 |                     0.0 |                     0.0 |                     0.0 |                     0.0 |                     0.0 |                     0.0 |                     0.0 |                     0.0 |                     0.0 |                     0.0 |                     0.0 |                     0.0 |                     0.0 |                     0.0 |                     0.0 |                     0.0 |                     0.0 |                     0.0 |
|          aEaZD8Bs.spectral.amplitude |  9.240212364749813e-15 |   3.510195869841921e-26 | 0.0 | -5.4837857759853967e-17 | -2.3302379205723126e-18 |                     0.0 | 0.0 |                    0.0 |                     0.0 | 0.0 | 0.0 | 0.0 | 0.0 | 0.0 | 0.0 |                     0.0 |                     0.0 |                     0.0 |                     0.0 |                     0.0 |                     0.0 |                     0.0 |                     0.0 |                     0.0 |                     0.0 |                     0.0 |                     0.0 |                     0.0 |                     0.0 |                     0.0 |                     0.0 |                     0.0 |                     0.0 |                     0.0 |                     0.0 |
|          aEaZD8Bs.spectral.reference |                    0.0 |                     0.0 | 0.0 |                     0.0 |                     0.0 |                     0.0 | 0.0 |                    0.0 |                     0.0 | 0.0 | 0.0 | 0.0 | 0.0 | 0.0 | 0.0 |                     0.0 |                     0.0 |                     0.0 |                     0.0 |                     0.0 |                     0.0 |                     0.0 |                     0.0 |                     0.0 |                     0.0 |                     0.0 |                     0.0 |                     0.0 |                     0.0 |                     0.0 |                     0.0 |                     0.0 |                     0.0 |                     0.0 |                     0.0 |
|               aEaZD8Bs.spatial.lon_0 | 1.6457882956316655e-05 | -5.4837857759853967e-17 | 0.0 |   6.906825669192252e-05 |   2.879368614689144e-08 |                     0.0 | 0.0 |                    0.0 |                     0.0 | 0.0 | 0.0 | 0.0 | 0.0 | 0.0 | 0.0 |                     0.0 |                     0.0 |                     0.0 |                     0.0 |                     0.0 |                     0.0 |                     0.0 |                     0.0 |                     0.0 |                     0.0 |                     0.0 |                     0.0 |                     0.0 |                     0.0 |                     0.0 |                     0.0 |                     0.0 |                     0.0 |                     0.0 |                     0.0 |
|               aEaZD8Bs.spatial.lat_0 |  2.116320021767278e-06 | -2.3302379205723126e-18 | 0.0 |   2.879368614689144e-08 |  5.1491742112530775e-05 |                     0.0 | 0.0 |                    0.0 |                     0.0 | 0.0 | 0.0 | 0.0 | 0.0 | 0.0 | 0.0 |                     0.0 |                     0.0 |                     0.0 |                     0.0 |                     0.0 |                     0.0 |                     0.0 |                     0.0 |                     0.0 |                     0.0 |                     0.0 |                     0.0 |                     0.0 |                     0.0 |                     0.0 |                     0.0 |                     0.0 |                     0.0 |                     0.0 |                     0.0 |
|       1N_UTq-U-irf.e_reco_model.bias |                    0.0 |                     0.0 | 0.0 |                     0.0 |                     0.0 |    0.008115475841559005 | 0.0 | -7.010213493995897e-06 | -1.0426337544244364e-09 | 0.0 | 0.0 | 0.0 | 0.0 | 0.0 | 0.0 |                     0.0 |                     0.0 |                     0.0 |                     0.0 |                     0.0 |                     0.0 |                     0.0 |                     0.0 |                     0.0 |                     0.0 |                     0.0 |                     0.0 |                     0.0 |                     0.0 |                     0.0 |                     0.0 |                     0.0 |                     0.0 |                     0.0 |                     0.0 |
| 1N_UTq-U-irf.e_reco_model.resolution |                    0.0 |                     0.0 | 0.0 |                     0.0 |                     0.0 |                     0.0 | 0.0 |                    0.0 |                     0.0 | 0.0 | 0.0 | 0.0 | 0.0 | 0.0 | 0.0 |                     0.0 |                     0.0 |                     0.0 |                     0.0 |                     0.0 |                     0.0 |                     0.0 |                     0.0 |                     0.0 |                     0.0 |                     0.0 |                     0.0 |                     0.0 |                     0.0 |                     0.0 |                     0.0 |                     0.0 |                     0.0 |                     0.0 |                     0.0 |
|           1N_UTq-U-irf.spectral.norm |                    0.0 |                     0.0 | 0.0 |                     0.0 |                     0.0 |  -7.010213493995897e-06 | 0.0 |   0.009975832824999063 |  1.6250407367960048e-06 | 0.0 | 0.0 | 0.0 | 0.0 | 0.0 | 0.0 |                     0.0 |                     0.0 |                     0.0 |                     0.0 |                     0.0 |                     0.0 |                     0.0 |                     0.0 |                     0.0 |                     0.0 |                     0.0 |                     0.0 |                     0.0 |                     0.0 |                     0.0 |                     0.0 |                     0.0 |                     0.0 |                     0.0 |                     0.0 |
|           1N_UTq-U-irf.spectral.tilt |                    0.0 |                     0.0 | 0.0 |                     0.0 |                     0.0 | -1.0426337544244364e-09 | 0.0 | 1.6250407367960048e-06 |    0.000394616781405856 | 0.0 | 0.0 | 0.0 | 0.0 | 0.0 | 0.0 |                     0.0 |                     0.0 |                     0.0 |                     0.0 |                     0.0 |                     0.0 |                     0.0 |                     0.0 |                     0.0 |                     0.0 |                     0.0 |                     0.0 |                     0.0 |                     0.0 |                     0.0 |                     0.0 |                     0.0 |                     0.0 |                     0.0 |                     0.0 |
|      1N_UTq-U-irf.spectral.reference |                    0.0 |                     0.0 | 0.0 |                     0.0 |                     0.0 |                     0.0 | 0.0 |                    0.0 |                     0.0 | 0.0 | 0.0 | 0.0 | 0.0 | 0.0 | 0.0 |                     0.0 |                     0.0 |                     0.0 |                     0.0 |                     0.0 |                     0.0 |                     0.0 |                     0.0 |                     0.0 |                     0.0 |                     0.0 |                     0.0 |                     0.0 |                     0.0 |                     0.0 |                     0.0 |                     0.0 |                     0.0 |                     0.0 |                     0.0 |
|          1N_UTq-U-bkg.spectral._norm |                    0.0 |                     0.0 | 0.0 |                     0.0 |                     0.0 |                     0.0 | 0.0 |                    0.0 |                     0.0 | 0.0 | 0.0 | 0.0 | 0.0 | 0.0 | 0.0 |                     0.0 |                     0.0 |                     0.0 |                     0.0 |                     0.0 |                     0.0 |                     0.0 |                     0.0 |                     0.0 |                     0.0 |                     0.0 |                     0.0 |                     0.0 |                     0.0 |                     0.0 |                     0.0 |                     0.0 |                     0.0 |                     0.0 |                     0.0 |
|          1N_UTq-U-bkg.spectral.norm0 |                    0.0 |                     0.0 | 0.0 |                     0.0 |                     0.0 |                     0.0 | 0.0 |                    0.0 |                     0.0 | 0.0 | 0.0 | 0.0 | 0.0 | 0.0 | 0.0 |                     0.0 |                     0.0 |                     0.0 |                     0.0 |                     0.0 |                     0.0 |                     0.0 |                     0.0 |                     0.0 |                     0.0 |                     0.0 |                     0.0 |                     0.0 |                     0.0 |                     0.0 |                     0.0 |                     0.0 |                     0.0 |                     0.0 |                     0.0 |
|          1N_UTq-U-bkg.spectral.norm1 |                    0.0 |                     0.0 | 0.0 |                     0.0 |                     0.0 |                     0.0 | 0.0 |                    0.0 |                     0.0 | 0.0 | 0.0 | 0.0 | 0.0 | 0.0 | 0.0 |                     0.0 |                     0.0 |                     0.0 |                     0.0 |                     0.0 |                     0.0 |                     0.0 |                     0.0 |                     0.0 |                     0.0 |                     0.0 |                     0.0 |                     0.0 |                     0.0 |                     0.0 |                     0.0 |                     0.0 |                     0.0 |                     0.0 |                     0.0 |
|          1N_UTq-U-bkg.spectral.norm2 |                    0.0 |                     0.0 | 0.0 |                     0.0 |                     0.0 |                     0.0 | 0.0 |                    0.0 |                     0.0 | 0.0 | 0.0 | 0.0 | 0.0 | 0.0 | 0.0 |                     0.0 |                     0.0 |                     0.0 |                     0.0 |                     0.0 |                     0.0 |                     0.0 |                     0.0 |                     0.0 |                     0.0 |                     0.0 |                     0.0 |                     0.0 |                     0.0 |                     0.0 |                     0.0 |                     0.0 |                     0.0 |                     0.0 |                     0.0 |
|          1N_UTq-U-bkg.spectral.norm3 |                    0.0 |                     0.0 | 0.0 |                     0.0 |                     0.0 |                     0.0 | 0.0 |                    0.0 |                     0.0 | 0.0 | 0.0 | 0.0 | 0.0 | 0.0 | 0.0 |                     0.0 |                     0.0 |                     0.0 |                     0.0 |                     0.0 |                     0.0 |                     0.0 |                     0.0 |                     0.0 |                     0.0 |                     0.0 |                     0.0 |                     0.0 |                     0.0 |                     0.0 |                     0.0 |                     0.0 |                     0.0 |                     0.0 |                     0.0 |
|          1N_UTq-U-bkg.spectral.norm4 |                    0.0 |                     0.0 | 0.0 |                     0.0 |                     0.0 |                     0.0 | 0.0 |                    0.0 |                     0.0 | 0.0 | 0.0 | 0.0 | 0.0 | 0.0 | 0.0 |  2.4033374392714316e-07 |  1.7584294974080596e-07 | -4.2858924974360617e-08 |  -7.971210066911323e-09 |  1.8701265211005517e-08 | -1.3314345633874797e-08 |   4.729317935517563e-09 |  1.3704818273010001e-09 | -3.7155250244077593e-09 |  3.2370680957799082e-09 | -1.4981992907858636e-09 |  -2.032462376433155e-10 |  1.1676124719752175e-09 | -1.2545374624905324e-09 |   6.807731618314479e-10 |     1.8922831633283e-10 |  -9.626899886110927e-10 |  1.1913186982986822e-09 | -4.3675328363680725e-11 |  -4.685190386191971e-09 |
|          1N_UTq-U-bkg.spectral.norm5 |                    0.0 |                     0.0 | 0.0 |                     0.0 |                     0.0 |                     0.0 | 0.0 |                    0.0 |                     0.0 | 0.0 | 0.0 | 0.0 | 0.0 | 0.0 | 0.0 |  1.7584294974080596e-07 |  2.6251665634011453e-07 |   7.281627547132714e-08 |  -3.439596338712181e-08 |   9.532448406238796e-09 |  2.8598714922691837e-09 | -6.3008353253338175e-09 |   4.890244584875865e-09 | -1.9755406591580844e-09 |  -4.186315048276813e-10 |  1.5329900653581908e-09 | -1.4733470666740534e-09 |   7.449682253096174e-10 |  1.0774916434319734e-10 |  -6.911915467368767e-10 |   8.054753221217617e-10 | -3.9484915052120167e-10 |  -5.086071319198864e-10 |  1.6259860196305166e-09 |   7.930437435147941e-10 |
|          1N_UTq-U-bkg.spectral.norm6 |                    0.0 |                     0.0 | 0.0 |                     0.0 |                     0.0 |                     0.0 | 0.0 |                    0.0 |                     0.0 | 0.0 | 0.0 | 0.0 | 0.0 | 0.0 | 0.0 | -4.2858924974360617e-08 |   7.281627547132714e-08 |  1.7576573977550138e-07 |  5.0120468623228206e-08 | -2.7738918479835805e-08 |    9.69982246720299e-09 |  1.0559806052220862e-09 |  -5.058447296232102e-09 |    4.61172504808978e-09 | -2.2813904337548215e-09 | -2.4112658588870147e-11 |  1.3466715853581975e-09 |   -1.53543417964027e-09 |   9.191083024468028e-10 |  1.0658821741029307e-11 |  -7.994397907240601e-10 |    1.08935399501293e-09 |  -5.463686357851964e-10 | -1.2760975159553137e-09 |   3.113671913137544e-09 |
|          1N_UTq-U-bkg.spectral.norm7 |                    0.0 |                     0.0 | 0.0 |                     0.0 |                     0.0 |                     0.0 | 0.0 |                    0.0 |                     0.0 | 0.0 | 0.0 | 0.0 | 0.0 | 0.0 | 0.0 |  -7.971210066911323e-09 |  -3.439596338712181e-08 |  5.0120468623228206e-08 |   1.276312133287036e-07 |   3.662728736903295e-08 | -2.1312821606183638e-08 |   7.984279895076504e-09 |   5.562891838402138e-10 |  -4.067036658629598e-09 |   3.937069657241091e-09 | -2.0642147394062012e-09 |   3.506605654758621e-11 |  1.2365670544108607e-09 | -1.4936849047943319e-09 |   9.241028912221018e-10 |   7.771549354964371e-11 | -1.0603092483847861e-09 |  1.4906493988307651e-09 |  -3.418509050532375e-10 |  -5.646118854959518e-09 |
|          1N_UTq-U-bkg.spectral.norm8 |                    0.0 |                     0.0 | 0.0 |                     0.0 |                     0.0 |                     0.0 | 0.0 |                    0.0 |                     0.0 | 0.0 | 0.0 | 0.0 | 0.0 | 0.0 | 0.0 |  1.8701265211005517e-08 |   9.532448406238796e-09 | -2.7738918479835805e-08 |   3.662728736903295e-08 |  1.0256794316790955e-07 |  2.8766090111645887e-08 | -1.7714117875852214e-08 |  7.2139489656847245e-09 |    7.67641955711844e-11 |  -3.424440940824004e-09 |  3.5956259995638656e-09 | -2.0306694097716324e-09 |  1.1430172304160622e-10 |  1.2271619366853937e-09 | -1.6017985588623576e-09 |   1.028593144615538e-09 |  2.3768056975500586e-10 | -1.7666179964054646e-09 |  2.4386432474132792e-09 |   5.168360469088696e-09 |
|          1N_UTq-U-bkg.spectral.norm9 |                    0.0 |                     0.0 | 0.0 |                     0.0 |                     0.0 |                     0.0 | 0.0 |                    0.0 |                     0.0 | 0.0 | 0.0 | 0.0 | 0.0 | 0.0 | 0.0 | -1.3314345633874797e-08 |  2.8598714922691837e-09 |    9.69982246720299e-09 | -2.1312821606183638e-08 |  2.8766090111645887e-08 |    8.80162158493124e-08 |  2.4811172371296953e-08 |  -1.602229846852952e-08 |   6.922202260573582e-09 | -1.4697377464531134e-10 | -3.2391070389128804e-09 |  3.6098124638643465e-09 | -2.1360114130839153e-09 |  1.1729103760907026e-10 |   1.443519174424297e-09 |  -1.967971142980064e-09 |  1.2168349226059463e-09 |   8.628231821606003e-10 | -3.8528200500124685e-09 |  -5.362873245726688e-10 |
|         1N_UTq-U-bkg.spectral.norm10 |                    0.0 |                     0.0 | 0.0 |                     0.0 |                     0.0 |                     0.0 | 0.0 |                    0.0 |                     0.0 | 0.0 | 0.0 | 0.0 | 0.0 | 0.0 | 0.0 |   4.729317935517563e-09 | -6.3008353253338175e-09 |  1.0559806052220862e-09 |   7.984279895076504e-09 | -1.7714117875852214e-08 |  2.4811172371296953e-08 |   7.965701198160082e-08 |  2.2935123101450403e-08 | -1.5288620686943016e-08 |   6.818555299704131e-09 |  -1.654623480635189e-10 |  -3.366764340381703e-09 |  3.8679076166791605e-09 | -2.3210831698759393e-09 | -6.2054038744223444e-12 |   1.978643018368283e-09 | -2.7081582120294835e-09 |  1.3658980760348739e-09 |  3.1552867797281027e-09 |  -7.761004132321598e-09 |
|         1N_UTq-U-bkg.spectral.norm11 |                    0.0 |                     0.0 | 0.0 |                     0.0 |                     0.0 |                     0.0 | 0.0 |                    0.0 |                     0.0 | 0.0 | 0.0 | 0.0 | 0.0 | 0.0 | 0.0 |  1.3704818273010001e-09 |   4.890244584875865e-09 |  -5.058447296232102e-09 |   5.562891838402138e-10 |  7.2139489656847245e-09 |  -1.602229846852952e-08 |  2.2935123101450403e-08 |   7.589172013132148e-08 |   2.232618779256042e-08 | -1.5270635522977327e-08 |   6.962087171217135e-09 |  -9.767255378179805e-11 |  -3.761672385643047e-09 |   4.411917244322506e-09 | -2.6360816327171993e-09 | -3.3154356382168363e-10 |   3.155116201029593e-09 |  -4.285346244868515e-09 |   7.585207617911782e-10 |  1.6382118998562018e-08 |
|         1N_UTq-U-bkg.spectral.norm12 |                    0.0 |                     0.0 | 0.0 |                     0.0 |                     0.0 |                     0.0 | 0.0 |                    0.0 |                     0.0 | 0.0 | 0.0 | 0.0 | 0.0 | 0.0 | 0.0 | -3.7155250244077593e-09 | -1.9755406591580844e-09 |    4.61172504808978e-09 |  -4.067036658629598e-09 |    7.67641955711844e-11 |   6.922202260573582e-09 | -1.5288620686943016e-08 |   2.232618779256042e-08 |   7.594423729316534e-08 |   2.287595898251735e-08 | -1.6051678269598282e-08 |    7.45471524441279e-09 |   5.900772561757083e-11 |  -4.563578472561947e-09 |  5.4436143916600906e-09 |  -3.148000234509436e-09 |  -1.252587919421324e-09 |   6.160908220535976e-09 |  -7.630479112087736e-09 | -1.8685226602766844e-08 |
|         1N_UTq-U-bkg.spectral.norm13 |                    0.0 |                     0.0 | 0.0 |                     0.0 |                     0.0 |                     0.0 | 0.0 |                    0.0 |                     0.0 | 0.0 | 0.0 | 0.0 | 0.0 | 0.0 | 0.0 |  3.2370680957799082e-09 |  -4.186315048276813e-10 | -2.2813904337548215e-09 |   3.937069657241091e-09 |  -3.424440940824004e-09 | -1.4697377464531134e-10 |   6.818555299704131e-09 | -1.5270635522977327e-08 |   2.287595898251735e-08 |   7.975819236399968e-08 |   2.477342797705731e-08 | -1.7844159727353388e-08 |   8.397179672037363e-09 |   4.198139476075275e-10 |  -6.111951509667668e-09 |   7.352680283089673e-09 |  -3.798205635691997e-09 |  -4.281952047712152e-09 |  1.4564602636744151e-08 |   6.150114280324629e-09 |
|         1N_UTq-U-bkg.spectral.norm14 |                    0.0 |                     0.0 | 0.0 |                     0.0 |                     0.0 |                     0.0 | 0.0 |                    0.0 |                     0.0 | 0.0 | 0.0 | 0.0 | 0.0 | 0.0 | 0.0 | -1.4981992907858636e-09 |  1.5329900653581908e-09 | -2.4112658588870147e-11 | -2.0642147394062012e-09 |  3.5956259995638656e-09 | -3.2391070389128804e-09 |  -1.654623480635189e-10 |   6.962087171217135e-09 | -1.6051678269598282e-08 |   2.477342797705731e-08 |    8.82105353361761e-08 |  2.8506755405092448e-08 |  -2.111497289246229e-08 |  1.0005258702810441e-08 |   1.235378347804655e-09 |   -9.17777959883866e-09 |  1.1028027135237308e-08 |  -4.047920120429925e-09 |  -1.517774648335086e-08 |   2.701808627180619e-08 |
|         1N_UTq-U-bkg.spectral.norm15 |                    0.0 |                     0.0 | 0.0 |                     0.0 |                     0.0 |                     0.0 | 0.0 |                    0.0 |                     0.0 | 0.0 | 0.0 | 0.0 | 0.0 | 0.0 | 0.0 |  -2.032462376433155e-10 | -1.4733470666740534e-09 |  1.3466715853581975e-09 |   3.506605654758621e-11 | -2.0306694097716324e-09 |  3.6098124638643465e-09 |  -3.366764340381703e-09 |  -9.767255378179805e-11 |    7.45471524441279e-09 | -1.7844159727353388e-08 |  2.8506755405092448e-08 |  1.0353980950489411e-07 |  3.5208820645934954e-08 | -2.6941056682850987e-08 |  1.2764209668645611e-08 |  3.2222468984818907e-09 | -1.6015894611197463e-08 |  1.9150343133507837e-08 |   2.937435835090905e-10 |  -7.507885110380722e-08 |
|         1N_UTq-U-bkg.spectral.norm16 |                    0.0 |                     0.0 | 0.0 |                     0.0 |                     0.0 |                     0.0 | 0.0 |                    0.0 |                     0.0 | 0.0 | 0.0 | 0.0 | 0.0 | 0.0 | 0.0 |  1.1676124719752175e-09 |   7.449682253096174e-10 |   -1.53543417964027e-09 |  1.2365670544108607e-09 |  1.1430172304160622e-10 | -2.1360114130839153e-09 |  3.8679076166791605e-09 |  -3.761672385643047e-09 |   5.900772561757083e-11 |   8.397179672037363e-09 |  -2.111497289246229e-08 |  3.5208820645934954e-08 |  1.3056648007524313e-07 |   4.749098128955339e-08 |  -3.780622517887106e-08 |   1.757951197216723e-08 |   9.128463912417494e-09 |  -3.468867113985981e-08 |  3.7877704231921984e-08 |  1.0744140804779667e-07 |
|         1N_UTq-U-bkg.spectral.norm17 |                    0.0 |                     0.0 | 0.0 |                     0.0 |                     0.0 |                     0.0 | 0.0 |                    0.0 |                     0.0 | 0.0 | 0.0 | 0.0 | 0.0 | 0.0 | 0.0 | -1.2545374624905324e-09 |  1.0774916434319734e-10 |   9.191083024468028e-10 | -1.4936849047943319e-09 |  1.2271619366853937e-09 |  1.1729103760907026e-10 | -2.3210831698759393e-09 |   4.411917244322506e-09 |  -4.563578472561947e-09 |   4.198139476075275e-10 |  1.0005258702810441e-08 | -2.6941056682850987e-08 |   4.749098128955339e-08 |  1.8015090819059485e-07 |   7.169516567204506e-08 |   -5.98130200922019e-08 |  2.5729755108380232e-08 |  3.0654186496154066e-08 |  -9.427530230999655e-08 |   -5.23897126856356e-08 |
|         1N_UTq-U-bkg.spectral.norm18 |                    0.0 |                     0.0 | 0.0 |                     0.0 |                     0.0 |                     0.0 | 0.0 |                    0.0 |                     0.0 | 0.0 | 0.0 | 0.0 | 0.0 | 0.0 | 0.0 |   6.807731618314479e-10 |  -6.911915467368767e-10 |  1.0658821741029307e-11 |   9.241028912221018e-10 | -1.6017985588623576e-09 |   1.443519174424297e-09 | -6.2054038744223444e-12 | -2.6360816327171993e-09 |  5.4436143916600906e-09 |  -6.111951509667668e-09 |   1.235378347804655e-09 |  1.2764209668645611e-08 |  -3.780622517887106e-08 |   7.169516567204506e-08 |   2.796174009202467e-07 |  1.2542631730906608e-07 |  -1.108038778290759e-07 |   3.798778290523737e-08 |   1.230763014181962e-07 | -2.1247241296836114e-07 |
|         1N_UTq-U-bkg.spectral.norm19 |                    0.0 |                     0.0 | 0.0 |                     0.0 |                     0.0 |                     0.0 | 0.0 |                    0.0 |                     0.0 | 0.0 | 0.0 | 0.0 | 0.0 | 0.0 | 0.0 |     1.8922831633283e-10 |   8.054753221217617e-10 |  -7.994397907240601e-10 |   7.771549354964371e-11 |   1.028593144615538e-09 |  -1.967971142980064e-09 |   1.978643018368283e-09 | -3.3154356382168363e-10 |  -3.148000234509436e-09 |   7.352680283089673e-09 |   -9.17777959883866e-09 |  3.2222468984818907e-09 |   1.757951197216723e-08 |   -5.98130200922019e-08 |  1.2542631730906608e-07 |   5.084988384926294e-07 |    2.70319475775416e-07 |  -2.602304246680337e-07 |  3.2692787685475463e-08 |   8.116285720758322e-07 |
|         1N_UTq-U-bkg.spectral.norm20 |                    0.0 |                     0.0 | 0.0 |                     0.0 |                     0.0 |                     0.0 | 0.0 |                    0.0 |                     0.0 | 0.0 | 0.0 | 0.0 | 0.0 | 0.0 | 0.0 |  -9.626899886110927e-10 | -3.9484915052120167e-10 |    1.08935399501293e-09 | -1.0603092483847861e-09 |  2.3768056975500586e-10 |  1.2168349226059463e-09 | -2.7081582120294835e-09 |   3.155116201029593e-09 |  -1.252587919421324e-09 |  -3.798205635691997e-09 |  1.1028027135237308e-08 | -1.6015894611197463e-08 |   9.128463912417494e-09 |  2.5729755108380232e-08 |  -1.108038778290759e-07 |    2.70319475775416e-07 |  1.1473711313296678e-06 |   7.990221089373203e-07 |  -8.358598438597503e-07 | -1.4752021635493163e-06 |
|         1N_UTq-U-bkg.spectral.norm21 |                    0.0 |                     0.0 | 0.0 |                     0.0 |                     0.0 |                     0.0 | 0.0 |                    0.0 |                     0.0 | 0.0 | 0.0 | 0.0 | 0.0 | 0.0 | 0.0 |  1.1913186982986822e-09 |  -5.086071319198864e-10 |  -5.463686357851964e-10 |  1.4906493988307651e-09 | -1.7666179964054646e-09 |   8.628231821606003e-10 |  1.3658980760348739e-09 |  -4.285346244868515e-09 |   6.160908220535976e-09 |  -4.281952047712152e-09 |  -4.047920120429925e-09 |  1.9150343133507837e-08 |  -3.468867113985981e-08 |  3.0654186496154066e-08 |   3.798778290523737e-08 |  -2.602304246680337e-07 |   7.990221089373203e-07 |   3.538479358882566e-06 |   3.646959481056665e-06 | -1.0668520819017005e-06 |
|         1N_UTq-U-bkg.spectral.norm22 |                    0.0 |                     0.0 | 0.0 |                     0.0 |                     0.0 |                     0.0 | 0.0 |                    0.0 |                     0.0 | 0.0 | 0.0 | 0.0 | 0.0 | 0.0 | 0.0 | -4.3675328363680725e-11 |  1.6259860196305166e-09 | -1.2760975159553137e-09 |  -3.418509050532375e-10 |  2.4386432474132792e-09 | -3.8528200500124685e-09 |  3.1552867797281027e-09 |   7.585207617911782e-10 |  -7.630479112087736e-09 |  1.4564602636744151e-08 |  -1.517774648335086e-08 |   2.937435835090905e-10 |  3.7877704231921984e-08 |  -9.427530230999655e-08 |   1.230763014181962e-07 |  3.2692787685475463e-08 |  -8.358598438597503e-07 |   3.646959481056665e-06 |   1.844887648231657e-05 |   3.346916176877584e-05 |
|         1N_UTq-U-bkg.spectral.norm23 |                    0.0 |                     0.0 | 0.0 |                     0.0 |                     0.0 |                     0.0 | 0.0 |                    0.0 |                     0.0 | 0.0 | 0.0 | 0.0 | 0.0 | 0.0 | 0.0 |  -4.685190386191971e-09 |   7.930437435147941e-10 |   3.113671913137544e-09 |  -5.646118854959518e-09 |   5.168360469088696e-09 |  -5.362873245726688e-10 |  -7.761004132321598e-09 |  1.6382118998562018e-08 | -1.8685226602766844e-08 |   6.150114280324629e-09 |   2.701808627180619e-08 |  -7.507885110380722e-08 |  1.0744140804779667e-07 |   -5.23897126856356e-08 | -2.1247241296836114e-07 |   8.116285720758322e-07 | -1.4752021635493163e-06 | -1.0668520819017005e-06 |   3.346916176877584e-05 |  0.00011109708020202266 |
