|                           Parameters |                       0 |                      1 |   2 |                      3 |                       4 |                      5 |   6 |                      7 |                      8 |   9 |  10 |  11 |  12 |  13 |  14 |                      15 |                      16 |                      17 |                      18 |                      19 |                      20 |                      21 |                      22 |                      23 |                      24 |                      25 |                      26 |                      27 |                      28 |                      29 |                      30 |                      31 |                      32 |                      33 |                      34 |
|              aEaZD8Bs.spectral.index |      0.0046747155435218 | 1.2512322010680978e-15 | 0.0 |  3.861544068562171e-06 | -1.1784258579528712e-07 |                    0.0 | 0.0 |                    0.0 |                    0.0 | 0.0 | 0.0 | 0.0 | 0.0 | 0.0 | 0.0 |                     0.0 |                     0.0 |                     0.0 |                     0.0 |                     0.0 |                     0.0 |                     0.0 |                     0.0 |                     0.0 |                     0.0 |                     0.0 |                     0.0 |                     0.0 |                     0.0 |                     0.0 |                     0.0 |                     0.0 |                     0.0 |                     0.0 |                     0.0 |
|          aEaZD8Bs.spectral.amplitude |  1.2512322010680978e-15 |  1.283425838806371e-26 | 0.0 | -4.397443777508025e-18 |    2.84717374484161e-19 |                    0.0 | 0.0 |                    0.0 |                    0.0 | 0.0 | 0.0 | 0.0 | 0.0 | 0.0 | 0.0 |                     0.0 |                     0.0 |                     0.0 |                     0.0 |                     0.0 |                     0.0 |                     0.0 |                     0.0 |                     0.0 |                     0.0 |                     0.0 |                     0.0 |                     0.0 |                     0.0 |                     0.0 |                     0.0 |                     0.0 |                     0.0 |                     0.0 |                     0.0 |
|          aEaZD8Bs.spectral.reference |                     0.0 |                    0.0 | 0.0 |                    0.0 |                     0.0 |                    0.0 | 0.0 |                    0.0 |                    0.0 | 0.0 | 0.0 | 0.0 | 0.0 | 0.0 | 0.0 |                     0.0 |                     0.0 |                     0.0 |                     0.0 |                     0.0 |                     0.0 |                     0.0 |                     0.0 |                     0.0 |                     0.0 |                     0.0 |                     0.0 |                     0.0 |                     0.0 |                     0.0 |                     0.0 |                     0.0 |                     0.0 |                     0.0 |                     0.0 |
|               aEaZD8Bs.spatial.lon_0 |   3.861544068562171e-06 | -4.397443777508025e-18 | 0.0 |  6.908313019027523e-06 |   1.193526766643845e-09 |                    0.0 | 0.0 |                    0.0 |                    0.0 | 0.0 | 0.0 | 0.0 | 0.0 | 0.0 | 0.0 |                     0.0 |                     0.0 |                     0.0 |                     0.0 |                     0.0 |                     0.0 |                     0.0 |                     0.0 |                     0.0 |                     0.0 |                     0.0 |                     0.0 |                     0.0 |                     0.0 |                     0.0 |                     0.0 |                     0.0 |                     0.0 |                     0.0 |                     0.0 |
|               aEaZD8Bs.spatial.lat_0 | -1.1784258579528712e-07 |   2.84717374484161e-19 | 0.0 |  1.193526766643845e-09 |  5.1515770778340874e-06 |                    0.0 | 0.0 |                    0.0 |                    0.0 | 0.0 | 0.0 | 0.0 | 0.0 | 0.0 | 0.0 |                     0.0 |                     0.0 |                     0.0 |                     0.0 |                     0.0 |                     0.0 |                     0.0 |                     0.0 |                     0.0 |                     0.0 |                     0.0 |                     0.0 |                     0.0 |                     0.0 |                     0.0 |                     0.0 |                     0.0 |                     0.0 |                     0.0 |                     0.0 |
|       Qqg0u7Nn-irf.e_reco_model.bias |                     0.0 |                    0.0 | 0.0 |                    0.0 |                     0.0 |  0.0017638924146944315 | 0.0 | -5.838099851046393e-06 |  -8.30064170687077e-09 | 0.0 | 0.0 | 0.0 | 0.0 | 0.0 | 0.0 |                     0.0 |                     0.0 |                     0.0 |                     0.0 |                     0.0 |                     0.0 |                     0.0 |                     0.0 |                     0.0 |                     0.0 |                     0.0 |                     0.0 |                     0.0 |                     0.0 |                     0.0 |                     0.0 |                     0.0 |                     0.0 |                     0.0 |                     0.0 |
| Qqg0u7Nn-irf.e_reco_model.resolution |                     0.0 |                    0.0 | 0.0 |                    0.0 |                     0.0 |                    0.0 | 0.0 |                    0.0 |                    0.0 | 0.0 | 0.0 | 0.0 | 0.0 | 0.0 | 0.0 |                     0.0 |                     0.0 |                     0.0 |                     0.0 |                     0.0 |                     0.0 |                     0.0 |                     0.0 |                     0.0 |                     0.0 |                     0.0 |                     0.0 |                     0.0 |                     0.0 |                     0.0 |                     0.0 |                     0.0 |                     0.0 |                     0.0 |                     0.0 |
|           Qqg0u7Nn-irf.spectral.norm |                     0.0 |                    0.0 | 0.0 |                    0.0 |                     0.0 | -5.838099851046393e-06 | 0.0 |   0.010199805828461351 | 1.4640953164879733e-05 | 0.0 | 0.0 | 0.0 | 0.0 | 0.0 | 0.0 |                     0.0 |                     0.0 |                     0.0 |                     0.0 |                     0.0 |                     0.0 |                     0.0 |                     0.0 |                     0.0 |                     0.0 |                     0.0 |                     0.0 |                     0.0 |                     0.0 |                     0.0 |                     0.0 |                     0.0 |                     0.0 |                     0.0 |                     0.0 |
|           Qqg0u7Nn-irf.spectral.tilt |                     0.0 |                    0.0 | 0.0 |                    0.0 |                     0.0 |  -8.30064170687077e-09 | 0.0 | 1.4640953164879733e-05 |  0.0003946417297470913 | 0.0 | 0.0 | 0.0 | 0.0 | 0.0 | 0.0 |                     0.0 |                     0.0 |                     0.0 |                     0.0 |                     0.0 |                     0.0 |                     0.0 |                     0.0 |                     0.0 |                     0.0 |                     0.0 |                     0.0 |                     0.0 |                     0.0 |                     0.0 |                     0.0 |                     0.0 |                     0.0 |                     0.0 |                     0.0 |
|      Qqg0u7Nn-irf.spectral.reference |                     0.0 |                    0.0 | 0.0 |                    0.0 |                     0.0 |                    0.0 | 0.0 |                    0.0 |                    0.0 | 0.0 | 0.0 | 0.0 | 0.0 | 0.0 | 0.0 |                     0.0 |                     0.0 |                     0.0 |                     0.0 |                     0.0 |                     0.0 |                     0.0 |                     0.0 |                     0.0 |                     0.0 |                     0.0 |                     0.0 |                     0.0 |                     0.0 |                     0.0 |                     0.0 |                     0.0 |                     0.0 |                     0.0 |                     0.0 |
|          Qqg0u7Nn-bkg.spectral._norm |                     0.0 |                    0.0 | 0.0 |                    0.0 |                     0.0 |                    0.0 | 0.0 |                    0.0 |                    0.0 | 0.0 | 0.0 | 0.0 | 0.0 | 0.0 | 0.0 |                     0.0 |                     0.0 |                     0.0 |                     0.0 |                     0.0 |                     0.0 |                     0.0 |                     0.0 |                     0.0 |                     0.0 |                     0.0 |                     0.0 |                     0.0 |                     0.0 |                     0.0 |                     0.0 |                     0.0 |                     0.0 |                     0.0 |                     0.0 |
|          Qqg0u7Nn-bkg.spectral.norm0 |                     0.0 |                    0.0 | 0.0 |                    0.0 |                     0.0 |                    0.0 | 0.0 |                    0.0 |                    0.0 | 0.0 | 0.0 | 0.0 | 0.0 | 0.0 | 0.0 |                     0.0 |                     0.0 |                     0.0 |                     0.0 |                     0.0 |                     0.0 |                     0.0 |                     0.0 |                     0.0 |                     0.0 |                     0.0 |                     0.0 |                     0.0 |                     0.0 |                     0.0 |                     0.0 |                     0.0 |                     0.0 |                     0.0 |                     0.0 |
|          Qqg0u7Nn-bkg.spectral.norm1 |                     0.0 |                    0.0 | 0.0 |                    0.0 |                     0.0 |                    0.0 | 0.0 |                    0.0 |                    0.0 | 0.0 | 0.0 | 0.0 | 0.0 | 0.0 | 0.0 |                     0.0 |                     0.0 |                     0.0 |                     0.0 |                     0.0 |                     0.0 |                     0.0 |                     0.0 |                     0.0 |                     0.0 |                     0.0 |                     0.0 |                     0.0 |                     0.0 |                     0.0 |                     0.0 |                     0.0 |                     0.0 |                     0.0 |                     0.0 |
|          Qqg0u7Nn-bkg.spectral.norm2 |                     0.0 |                    0.0 | 0.0 |                    0.0 |                     0.0 |                    0.0 | 0.0 |                    0.0 |                    0.0 | 0.0 | 0.0 | 0.0 | 0.0 | 0.0 | 0.0 |                     0.0 |                     0.0 |                     0.0 |                     0.0 |                     0.0 |                     0.0 |                     0.0 |                     0.0 |                     0.0 |                     0.0 |                     0.0 |                     0.0 |                     0.0 |                     0.0 |                     0.0 |                     0.0 |                     0.0 |                     0.0 |                     0.0 |                     0.0 |
|          Qqg0u7Nn-bkg.spectral.norm3 |                     0.0 |                    0.0 | 0.0 |                    0.0 |                     0.0 |                    0.0 | 0.0 |                    0.0 |                    0.0 | 0.0 | 0.0 | 0.0 | 0.0 | 0.0 | 0.0 |                     0.0 |                     0.0 |                     0.0 |                     0.0 |                     0.0 |                     0.0 |                     0.0 |                     0.0 |                     0.0 |                     0.0 |                     0.0 |                     0.0 |                     0.0 |                     0.0 |                     0.0 |                     0.0 |                     0.0 |                     0.0 |                     0.0 |                     0.0 |
|          Qqg0u7Nn-bkg.spectral.norm4 |                     0.0 |                    0.0 | 0.0 |                    0.0 |                     0.0 |                    0.0 | 0.0 |                    0.0 |                    0.0 | 0.0 | 0.0 | 0.0 | 0.0 | 0.0 | 0.0 |   2.358804688458257e-07 |  1.7127006234999373e-07 |  -4.286388245305051e-08 |  -7.382113632820375e-09 |  1.8306635218647463e-08 | -1.3194113428530416e-08 |   4.773831250368503e-09 |  1.2773627007084951e-09 |  -3.643725864406131e-09 |  3.2082315099721593e-09 | -1.5062395692481432e-09 | -1.7819580402289705e-10 |  1.1436013208168331e-09 | -1.2429815067217717e-09 |   6.840707054105444e-10 |  1.7493399425003176e-10 |  -9.468118697247832e-10 |  1.1860929617345247e-09 |  -5.940212102893827e-11 |  -4.617845959446743e-09 |
|          Qqg0u7Nn-bkg.spectral.norm5 |                     0.0 |                    0.0 | 0.0 |                    0.0 |                     0.0 |                    0.0 | 0.0 |                    0.0 |                    0.0 | 0.0 | 0.0 | 0.0 | 0.0 | 0.0 | 0.0 |  1.7127006234999373e-07 |  2.5644613309263073e-07 |   7.130325437782987e-08 |  -3.376218983496038e-08 |   9.349625670683408e-09 |   2.826259604875051e-09 |  -6.207620018190607e-09 |   4.812858969770743e-09 | -1.9401979032685725e-09 | -4.1775972505431343e-10 |  1.5124831066313009e-09 | -1.4513736205968744e-09 |   7.318713427005412e-10 |  1.0830623181048634e-10 |  -6.824596483740882e-10 |   7.928439875269782e-10 |  -3.869336815620558e-10 |  -5.031761953567522e-10 |  1.5947751126639383e-09 |    7.68364832824804e-10 |
|          Qqg0u7Nn-bkg.spectral.norm6 |                     0.0 |                    0.0 | 0.0 |                    0.0 |                     0.0 |                    0.0 | 0.0 |                    0.0 |                    0.0 | 0.0 | 0.0 | 0.0 | 0.0 | 0.0 | 0.0 |  -4.286388245305051e-08 |   7.130325437782987e-08 |  1.7366464177491504e-07 |   4.961949848503134e-08 | -2.7485338560239727e-08 |   9.624240066840423e-09 |  1.0463117933169994e-09 |  -5.021853015965378e-09 |   4.579932423286823e-09 |  -2.265694960200627e-09 | -2.4467134210854762e-11 |  1.3381533718297813e-09 | -1.5255837495040436e-09 |   9.128089691142635e-10 |  1.0971644814205339e-11 |  -7.949752801030932e-10 |  1.0821441190606162e-09 |   -5.41346670270031e-10 | -1.2725248441871321e-09 |   3.072490065787132e-09 |
|          Qqg0u7Nn-bkg.spectral.norm7 |                     0.0 |                    0.0 | 0.0 |                    0.0 |                     0.0 |                    0.0 | 0.0 |                    0.0 |                    0.0 | 0.0 | 0.0 | 0.0 | 0.0 | 0.0 | 0.0 |  -7.382113632820375e-09 |  -3.376218983496038e-08 |   4.961949848503134e-08 |  1.2671590308960185e-07 |  3.6424758539205106e-08 |    -2.1215754157376e-08 |   7.954698360015923e-09 |   5.567689420859191e-10 |  -4.056209403287256e-09 |   3.926035456711137e-09 | -2.0576242509503952e-09 |     3.3723842738625e-11 |  1.2342448751457976e-09 | -1.4900064773845955e-09 |   9.210063986857614e-10 |    7.87545900076281e-11 | -1.0588652873036098e-09 |  1.4853578127701333e-09 |  -3.261112326135094e-10 |  -5.585378938343242e-09 |
|          Qqg0u7Nn-bkg.spectral.norm8 |                     0.0 |                    0.0 | 0.0 |                    0.0 |                     0.0 |                    0.0 | 0.0 |                    0.0 |                    0.0 | 0.0 | 0.0 | 0.0 | 0.0 | 0.0 | 0.0 |  1.8306635218647463e-08 |   9.349625670683408e-09 | -2.7485338560239727e-08 |  3.6424758539205106e-08 |  1.0205524758941807e-07 |   2.865499020739689e-08 | -1.7656945979112614e-08 |   7.189116580798352e-09 |   8.183366053781816e-11 | -3.4190908727206934e-09 |   3.587522934862276e-09 |  -2.024437768255681e-09 |  1.1183541799645419e-10 |  1.2260312196571514e-09 | -1.5984797942780145e-09 |  1.0246497256966437e-09 |  2.3987469304488004e-10 |   -1.76330000073926e-09 |   2.414670685115281e-09 |   5.110779048763079e-09 |
|          Qqg0u7Nn-bkg.spectral.norm9 |                     0.0 |                    0.0 | 0.0 |                    0.0 |                     0.0 |                    0.0 | 0.0 |                    0.0 |                    0.0 | 0.0 | 0.0 | 0.0 | 0.0 | 0.0 | 0.0 | -1.3194113428530416e-08 |   2.826259604875051e-09 |   9.624240066840423e-09 |    -2.1215754157376e-08 |   2.865499020739689e-08 |   8.773540606738653e-08 |  2.4752903244373722e-08 | -1.5986694992879674e-08 |   6.905105294478546e-09 |  -1.428810523246942e-10 |  -3.235658261268877e-09 |  3.6039796599773356e-09 | -2.1311893707680126e-09 |  1.1519619385040492e-10 |  1.4425348029237057e-09 |  -1.964777733748226e-09 |  1.2125683402126362e-09 |   8.644978227985337e-10 |  -3.836421715710434e-09 |  -5.199667948559474e-10 |
|         Qqg0u7Nn-bkg.spectral.norm10 |                     0.0 |                    0.0 | 0.0 |                    0.0 |                     0.0 |                    0.0 | 0.0 |                    0.0 |                    0.0 | 0.0 | 0.0 | 0.0 | 0.0 | 0.0 | 0.0 |   4.773831250368503e-09 |  -6.207620018190607e-09 |  1.0463117933169994e-09 |   7.954698360015923e-09 | -1.7656945979112614e-08 |  2.4752903244373722e-08 |    7.95124432137115e-08 |   2.290708460535232e-08 | -1.5270858878154327e-08 |   6.809631399016227e-09 | -1.6285887187220353e-10 |  -3.365482966993312e-09 |   3.865079264193299e-09 | -2.3182083477977767e-09 |  -7.954927579724183e-12 |  1.9787145932892164e-09 |  -2.705923111570245e-09 |  1.3605618157063273e-09 |   3.164818334563889e-09 |  -7.702771266240537e-09 |
|         Qqg0u7Nn-bkg.spectral.norm11 |                     0.0 |                    0.0 | 0.0 |                    0.0 |                     0.0 |                    0.0 | 0.0 |                    0.0 |                    0.0 | 0.0 | 0.0 | 0.0 | 0.0 | 0.0 | 0.0 |  1.2773627007084951e-09 |   4.812858969770743e-09 |  -5.021853015965378e-09 |   5.567689420859191e-10 |   7.189116580798352e-09 | -1.5986694992879674e-08 |   2.290708460535232e-08 |   7.580880920630648e-08 |  2.2310715529832614e-08 |  -1.526058962485831e-08 |   6.956738612446144e-09 |  -9.558221165463428e-11 |  -3.761470789839977e-09 |   4.410349631027485e-09 |  -2.633579545239035e-09 | -3.3421790576923783e-10 |    3.15674204958158e-09 |  -4.278865555516067e-09 |   7.194387917892363e-10 |  1.6245427479663953e-08 |
|         Qqg0u7Nn-bkg.spectral.norm12 |                     0.0 |                    0.0 | 0.0 |                    0.0 |                     0.0 |                    0.0 | 0.0 |                    0.0 |                    0.0 | 0.0 | 0.0 | 0.0 | 0.0 | 0.0 | 0.0 |  -3.643725864406131e-09 | -1.9401979032685725e-09 |   4.579932423286823e-09 |  -4.056209403287256e-09 |   8.183366053781816e-11 |   6.905105294478546e-09 | -1.5270858878154327e-08 |  2.2310715529832614e-08 |   7.589420492722753e-08 |  2.2866744930663763e-08 | -1.6045612184449602e-08 |   7.451069858979831e-09 |   6.097064653389807e-11 |  -4.563971804647554e-09 |   5.442128561468155e-09 | -3.1443825070510123e-09 |  -1.257657959800246e-09 |  6.1583082128286435e-09 |  -7.567624034167335e-09 | -1.8503733872634646e-08 |
|         Qqg0u7Nn-bkg.spectral.norm13 |                     0.0 |                    0.0 | 0.0 |                    0.0 |                     0.0 |                    0.0 | 0.0 |                    0.0 |                    0.0 | 0.0 | 0.0 | 0.0 | 0.0 | 0.0 | 0.0 |  3.2082315099721593e-09 | -4.1775972505431343e-10 |  -2.265694960200627e-09 |   3.926035456711137e-09 | -3.4190908727206934e-09 |  -1.428810523246942e-10 |   6.809631399016227e-09 |  -1.526058962485831e-08 |  2.2866744930663763e-08 |   7.972837089604905e-08 |  2.4768385726879495e-08 |  -1.784085545699599e-08 |   8.394624834401085e-09 |  4.2184132805987827e-10 |  -6.112859780628207e-09 |   7.350607416654428e-09 | -3.7924581994651274e-09 |  -4.286989892907493e-09 |  1.4513488662392489e-08 |   6.040939790148404e-09 |
|         Qqg0u7Nn-bkg.spectral.norm14 |                     0.0 |                    0.0 | 0.0 |                    0.0 |                     0.0 |                    0.0 | 0.0 |                    0.0 |                    0.0 | 0.0 | 0.0 | 0.0 | 0.0 | 0.0 | 0.0 | -1.5062395692481432e-09 |  1.5124831066313009e-09 | -2.4467134210854762e-11 | -2.0576242509503952e-09 |   3.587522934862276e-09 |  -3.235658261268877e-09 | -1.6285887187220353e-10 |   6.956738612446144e-09 | -1.6045612184449602e-08 |  2.4768385726879495e-08 |     8.8195068960047e-08 |   2.850573064262124e-08 |   -2.11142560989649e-08 |   1.000345566606965e-08 |  1.2385053387518893e-09 |  -9.180723697365047e-09 |  1.1026633128428524e-08 |  -4.033676050263193e-09 |   -1.51998351371182e-08 |   2.687036695240633e-08 |
|         Qqg0u7Nn-bkg.spectral.norm15 |                     0.0 |                    0.0 | 0.0 |                    0.0 |                     0.0 |                    0.0 | 0.0 |                    0.0 |                    0.0 | 0.0 | 0.0 | 0.0 | 0.0 | 0.0 | 0.0 | -1.7819580402289705e-10 | -1.4513736205968744e-09 |  1.3381533718297813e-09 |     3.3723842738625e-11 |  -2.024437768255681e-09 |  3.6039796599773356e-09 |  -3.365482966993312e-09 |  -9.558221165463428e-11 |   7.451069858979831e-09 |  -1.784085545699599e-08 |   2.850573064262124e-08 |  1.0353567428418367e-07 |  3.5212181298763945e-08 |  -2.694275765686477e-08 |  1.2761225596732982e-08 |  3.2310015610695106e-09 | -1.6025662057801772e-08 |  1.9131655886345607e-08 |   4.583001636089719e-10 |  -7.449509887429677e-08 |
|         Qqg0u7Nn-bkg.spectral.norm16 |                     0.0 |                    0.0 | 0.0 |                    0.0 |                     0.0 |                    0.0 | 0.0 |                    0.0 |                    0.0 | 0.0 | 0.0 | 0.0 | 0.0 | 0.0 | 0.0 |  1.1436013208168331e-09 |   7.318713427005412e-10 | -1.5255837495040436e-09 |  1.2342448751457976e-09 |  1.1183541799645419e-10 | -2.1311893707680126e-09 |   3.865079264193299e-09 |  -3.761470789839977e-09 |   6.097064653389807e-11 |   8.394624834401085e-09 |   -2.11142560989649e-08 |  3.5212181298763945e-08 |   1.305724538226421e-07 |   4.749897339047393e-08 | -3.7808630227769746e-08 |  1.7568759271253542e-08 |   9.151649937529451e-09 | -3.4679070530202555e-08 |   3.755434923185674e-08 |  1.0644269357850183e-07 |
|         Qqg0u7Nn-bkg.spectral.norm17 |                     0.0 |                    0.0 | 0.0 |                    0.0 |                     0.0 |                    0.0 | 0.0 |                    0.0 |                    0.0 | 0.0 | 0.0 | 0.0 | 0.0 | 0.0 | 0.0 | -1.2429815067217717e-09 |  1.0830623181048634e-10 |   9.128089691142635e-10 | -1.4900064773845955e-09 |  1.2260312196571514e-09 |  1.1519619385040492e-10 | -2.3182083477977767e-09 |   4.410349631027485e-09 |  -4.563971804647554e-09 |  4.2184132805987827e-10 |   1.000345566606965e-08 |  -2.694275765686477e-08 |   4.749897339047393e-08 |     1.8016764420182e-07 |   7.170857402953457e-08 |  -5.981263775529674e-08 |  2.5703614273015404e-08 |   3.067919317791505e-08 |  -9.393765226692607e-08 | -5.1554048305092885e-08 |
|         Qqg0u7Nn-bkg.spectral.norm18 |                     0.0 |                    0.0 | 0.0 |                    0.0 |                     0.0 |                    0.0 | 0.0 |                    0.0 |                    0.0 | 0.0 | 0.0 | 0.0 | 0.0 | 0.0 | 0.0 |   6.840707054105444e-10 |  -6.824596483740882e-10 |  1.0971644814205339e-11 |   9.210063986857614e-10 | -1.5984797942780145e-09 |  1.4425348029237057e-09 |  -7.954927579724183e-12 |  -2.633579545239035e-09 |   5.442128561468155e-09 |  -6.112859780628207e-09 |  1.2385053387518893e-09 |  1.2761225596732982e-08 | -3.7808630227769746e-08 |   7.170857402953457e-08 |  2.7963959848411094e-07 |     1.2545614869187e-07 |  -1.108094822759177e-07 |   3.789799620453193e-08 |  1.2323069731411636e-07 | -2.1141918550626313e-07 |
|         Qqg0u7Nn-bkg.spectral.norm19 |                     0.0 |                    0.0 | 0.0 |                    0.0 |                     0.0 |                    0.0 | 0.0 |                    0.0 |                    0.0 | 0.0 | 0.0 | 0.0 | 0.0 | 0.0 | 0.0 |  1.7493399425003176e-10 |   7.928439875269782e-10 |  -7.949752801030932e-10 |    7.87545900076281e-11 |  1.0246497256966437e-09 |  -1.964777733748226e-09 |  1.9787145932892164e-09 | -3.3421790576923783e-10 | -3.1443825070510123e-09 |   7.350607416654428e-09 |  -9.180723697365047e-09 |  3.2310015610695106e-09 |  1.7568759271253542e-08 |  -5.981263775529674e-08 |     1.2545614869187e-07 |   5.084503699328222e-07 |   2.704098414219562e-07 |  -2.600422364368724e-07 |  3.0937366417165327e-08 |   8.052071104048443e-07 |
|         Qqg0u7Nn-bkg.spectral.norm20 |                     0.0 |                    0.0 | 0.0 |                    0.0 |                     0.0 |                    0.0 | 0.0 |                    0.0 |                    0.0 | 0.0 | 0.0 | 0.0 | 0.0 | 0.0 | 0.0 |  -9.468118697247832e-10 |  -3.869336815620558e-10 |  1.0821441190606162e-09 | -1.0588652873036098e-09 |  2.3987469304488004e-10 |  1.2125683402126362e-09 |  -2.705923111570245e-09 |    3.15674204958158e-09 |  -1.257657959800246e-09 | -3.7924581994651274e-09 |  1.1026633128428524e-08 | -1.6025662057801772e-08 |   9.151649937529451e-09 |  2.5703614273015404e-08 |  -1.108094822759177e-07 |   2.704098414219562e-07 |   1.146845650572307e-06 |   7.986718415499052e-07 |  -8.307500052655592e-07 | -1.4595671355776672e-06 |
|         Qqg0u7Nn-bkg.spectral.norm21 |                     0.0 |                    0.0 | 0.0 |                    0.0 |                     0.0 |                    0.0 | 0.0 |                    0.0 |                    0.0 | 0.0 | 0.0 | 0.0 | 0.0 | 0.0 | 0.0 |  1.1860929617345247e-09 |  -5.031761953567522e-10 |   -5.41346670270031e-10 |  1.4853578127701333e-09 |   -1.76330000073926e-09 |   8.644978227985337e-10 |  1.3605618157063273e-09 |  -4.278865555516067e-09 |  6.1583082128286435e-09 |  -4.286989892907493e-09 |  -4.033676050263193e-09 |  1.9131655886345607e-08 | -3.4679070530202555e-08 |   3.067919317791505e-08 |   3.789799620453193e-08 |  -2.600422364368724e-07 |   7.986718415499052e-07 |  3.5340984631630714e-06 |  3.6378456237345077e-06 | -1.0743908515248159e-06 |
|         Qqg0u7Nn-bkg.spectral.norm22 |                     0.0 |                    0.0 | 0.0 |                    0.0 |                     0.0 |                    0.0 | 0.0 |                    0.0 |                    0.0 | 0.0 | 0.0 | 0.0 | 0.0 | 0.0 | 0.0 |  -5.940212102893827e-11 |  1.5947751126639383e-09 | -1.2725248441871321e-09 |  -3.261112326135094e-10 |   2.414670685115281e-09 |  -3.836421715710434e-09 |   3.164818334563889e-09 |   7.194387917892363e-10 |  -7.567624034167335e-09 |  1.4513488662392489e-08 |   -1.51998351371182e-08 |   4.583001636089719e-10 |   3.755434923185674e-08 |  -9.393765226692607e-08 |  1.2323069731411636e-07 |  3.0937366417165327e-08 |  -8.307500052655592e-07 |  3.6378456237345077e-06 |   1.832166599931369e-05 |  3.3126384586166245e-05 |
|         Qqg0u7Nn-bkg.spectral.norm23 |                     0.0 |                    0.0 | 0.0 |                    0.0 |                     0.0 |                    0.0 | 0.0 |                    0.0 |                    0.0 | 0.0 | 0.0 | 0.0 | 0.0 | 0.0 | 0.0 |  -4.617845959446743e-09 |    7.68364832824804e-10 |   3.072490065787132e-09 |  -5.585378938343242e-09 |   5.110779048763079e-09 |  -5.199667948559474e-10 |  -7.702771266240537e-09 |  1.6245427479663953e-08 | -1.8503733872634646e-08 |   6.040939790148404e-09 |   2.687036695240633e-08 |  -7.449509887429677e-08 |  1.0644269357850183e-07 | -5.1554048305092885e-08 | -2.1141918550626313e-07 |   8.052071104048443e-07 | -1.4595671355776672e-06 | -1.0743908515248159e-06 |  3.3126384586166245e-05 |  0.00011008375622888838 |
