|                           Parameters |                       0 |                       1 |   2 |                       3 |                      4 |   5 |   6 |   7 |   8 |                       9 |                      10 |                      11 |                      12 |                      13 |                      14 |                      15 |                      16 |                      17 |                      18 |                      19 |                      20 |                      21 |                      22 |                      23 |                      24 |                      25 |                      26 |                      27 |                      28 |  29 |  30 |  31 |                      32 |  33 |                      34 |                      35 |  36 |
|              auymsCLX.spectral.index |     0.21003989053097744 |   8.342913855498785e-14 | 0.0 |   9.970044906614272e-05 |  2.171370934366517e-05 | 0.0 | 0.0 | 0.0 | 0.0 |  -8.205836768554007e-06 |  -1.167397996759202e-05 |    -5.6969344574745e-06 | -2.0363600217577174e-06 | -1.3155350590533196e-06 | -1.8494196403437084e-08 |  3.7320988657717466e-07 |  4.3442185395074143e-07 |   6.562342021226394e-07 |   5.682145083969757e-07 |   5.552788007924118e-07 |   5.422243240169903e-07 |   4.726204805951413e-07 |   4.663898230629202e-07 |   4.780528068499066e-07 |   5.840488042712899e-07 |   7.071417908467637e-07 |  1.9512121186205683e-06 |   6.683885976654255e-06 |  1.3970225621402664e-05 | 0.0 | 0.0 | 0.0 |   0.0044376373358808495 | 0.0 |  -7.521768587589527e-05 | -0.00035101988541603654 | 0.0 |
|          auymsCLX.spectral.amplitude |   8.342913855498785e-14 |  2.5626898841194516e-25 | 0.0 |  -6.136548908283935e-16 | -7.199244161497433e-17 | 0.0 | 0.0 | 0.0 | 0.0 |   -9.76917551736113e-18 |  -1.477543463633806e-17 |  -8.807756325622781e-18 |  -4.887394934940132e-18 |  -4.015796413849484e-18 |   -2.19577102173491e-18 | -1.3295557485365566e-18 |  -9.941969059074525e-19 |  -5.071205427314162e-19 |  -4.012418231484688e-19 |  -2.677059596186624e-19 |  -1.515497879666019e-19 | -1.6176315579355576e-19 | -1.3909584267438219e-19 |  -1.448931031972146e-19 |  -6.163136249298203e-20 |   5.424041961793681e-20 | -1.2968973734655508e-19 |  -5.819671774355517e-19 |  -9.678007136361637e-19 | 0.0 | 0.0 | 0.0 |   6.976939229118853e-17 | 0.0 | -1.0023412278090181e-14 |  3.6806623443444694e-17 | 0.0 |
|          auymsCLX.spectral.reference |                     0.0 |                     0.0 | 0.0 |                     0.0 |                    0.0 | 0.0 | 0.0 | 0.0 | 0.0 |                     0.0 |                     0.0 |                     0.0 |                     0.0 |                     0.0 |                     0.0 |                     0.0 |                     0.0 |                     0.0 |                     0.0 |                     0.0 |                     0.0 |                     0.0 |                     0.0 |                     0.0 |                     0.0 |                     0.0 |                     0.0 |                     0.0 |                     0.0 | 0.0 | 0.0 | 0.0 |                     0.0 | 0.0 |                     0.0 |                     0.0 | 0.0 |
|               auymsCLX.spatial.lon_0 |   9.970044906614272e-05 |  -6.136548908283935e-16 | 0.0 |   0.0006906157040146419 | 4.6581326041516143e-07 | 0.0 | 0.0 | 0.0 | 0.0 |   6.731951137064174e-08 |    9.38889773390017e-08 |   5.403422662171575e-08 |   3.772501618087292e-08 |  3.5394914123170395e-08 |   2.483310963202125e-08 |  2.1752606308077536e-08 |  2.0059415103889022e-08 |   1.778054582793398e-08 |  1.7971047712454544e-08 |  1.9112798056994675e-08 |   2.097289344093099e-08 |   2.488084167730631e-08 |   3.783331755571721e-08 |   4.663921378540411e-08 |  2.4424802438994907e-08 |   1.870244087850837e-09 |   1.101933008399103e-07 |   4.770132995611417e-07 |   9.835201045887301e-07 | 0.0 | 0.0 | 0.0 |    7.88243816192298e-06 | 0.0 |    2.89346834052117e-07 | -1.3310521229664274e-08 | 0.0 |
|               auymsCLX.spatial.lat_0 |   2.171370934366517e-05 |  -7.199244161497433e-17 | 0.0 |  4.6581326041516143e-07 |  0.0005147137714012507 | 0.0 | 0.0 | 0.0 | 0.0 |   1.248075012548291e-08 |  1.7111618784286912e-08 |     9.5805922964631e-09 |   6.722450263506813e-09 |   6.374706184829617e-09 |   4.487808405985433e-09 |   4.003774277678296e-09 |   3.707486015028036e-09 |   3.327978302632369e-09 |   3.410934178850006e-09 |   3.687970055266002e-09 |   4.130205255869299e-09 |   4.966553810073937e-09 |   7.641803948367234e-09 |   9.465405580080832e-09 |   4.974222267153841e-09 |    4.99108875139041e-10 |  2.2411894356035167e-08 |   9.588274490091286e-08 |   1.968662274479699e-07 | 0.0 | 0.0 | 0.0 |  1.5363830935563615e-06 | 0.0 |  1.1887437715341879e-07 |  -2.249469886850959e-09 | 0.0 |
|          IExkEtWg-bkg.spectral.norm0 |                     0.0 |                     0.0 | 0.0 |                     0.0 |                    0.0 | 0.0 | 0.0 | 0.0 | 0.0 |                     0.0 |                     0.0 |                     0.0 |                     0.0 |                     0.0 |                     0.0 |                     0.0 |                     0.0 |                     0.0 |                     0.0 |                     0.0 |                     0.0 |                     0.0 |                     0.0 |                     0.0 |                     0.0 |                     0.0 |                     0.0 |                     0.0 |                     0.0 | 0.0 | 0.0 | 0.0 |                     0.0 | 0.0 |                     0.0 |                     0.0 | 0.0 |
|          IExkEtWg-bkg.spectral.norm1 |                     0.0 |                     0.0 | 0.0 |                     0.0 |                    0.0 | 0.0 | 0.0 | 0.0 | 0.0 |                     0.0 |                     0.0 |                     0.0 |                     0.0 |                     0.0 |                     0.0 |                     0.0 |                     0.0 |                     0.0 |                     0.0 |                     0.0 |                     0.0 |                     0.0 |                     0.0 |                     0.0 |                     0.0 |                     0.0 |                     0.0 |                     0.0 |                     0.0 | 0.0 | 0.0 | 0.0 |                     0.0 | 0.0 |                     0.0 |                     0.0 | 0.0 |
|          IExkEtWg-bkg.spectral.norm2 |                     0.0 |                     0.0 | 0.0 |                     0.0 |                    0.0 | 0.0 | 0.0 | 0.0 | 0.0 |                     0.0 |                     0.0 |                     0.0 |                     0.0 |                     0.0 |                     0.0 |                     0.0 |                     0.0 |                     0.0 |                     0.0 |                     0.0 |                     0.0 |                     0.0 |                     0.0 |                     0.0 |                     0.0 |                     0.0 |                     0.0 |                     0.0 |                     0.0 | 0.0 | 0.0 | 0.0 |                     0.0 | 0.0 |                     0.0 |                     0.0 | 0.0 |
|          IExkEtWg-bkg.spectral.norm3 |                     0.0 |                     0.0 | 0.0 |                     0.0 |                    0.0 | 0.0 | 0.0 | 0.0 | 0.0 |                     0.0 |                     0.0 |                     0.0 |                     0.0 |                     0.0 |                     0.0 |                     0.0 |                     0.0 |                     0.0 |                     0.0 |                     0.0 |                     0.0 |                     0.0 |                     0.0 |                     0.0 |                     0.0 |                     0.0 |                     0.0 |                     0.0 |                     0.0 | 0.0 | 0.0 | 0.0 |                     0.0 | 0.0 |                     0.0 |                     0.0 | 0.0 |
|          IExkEtWg-bkg.spectral.norm4 |  -8.205836768554007e-06 |   -9.76917551736113e-18 | 0.0 |   6.731951137064174e-08 |  1.248075012548291e-08 | 0.0 | 0.0 | 0.0 | 0.0 |  2.3586807333475514e-05 |   1.712588052393677e-05 |    -4.2862376792698e-06 |  -7.379944735169467e-07 |  1.8306876645118665e-06 | -1.3191992940714853e-06 |    4.77488892493811e-07 |  1.2776200340707198e-07 |  -3.643129727265569e-07 |   3.208385040443445e-07 |  -1.506033508235754e-07 | -1.7792232333473754e-08 |  1.1437620766656894e-07 | -1.2425908988800648e-07 |   6.844578364930225e-08 |   1.750574103986062e-08 |  -9.470752630820383e-08 |  1.1863816855810168e-07 | -5.4369479972638645e-09 |  -4.603741234133032e-07 | 0.0 | 0.0 | 0.0 |   3.279587866380393e-07 | 0.0 |   8.958984133988288e-09 | -2.0312968336849804e-09 | 0.0 |
|          IExkEtWg-bkg.spectral.norm5 |  -1.167397996759202e-05 |  -1.477543463633806e-17 | 0.0 |    9.38889773390017e-08 | 1.7111618784286912e-08 | 0.0 | 0.0 | 0.0 | 0.0 |   1.712588052393677e-05 |  2.5643556784817343e-05 |   7.130429518972316e-06 | -3.3760100034773843e-06 |   9.349981248540044e-07 |  2.8282030737556307e-07 |   -6.20656093132981e-07 |   4.813149985269116e-07 |  -1.939628746648095e-07 | -4.1754238195411786e-08 |  1.5127425287515984e-07 | -1.4510286739417442e-07 |   7.321509244706706e-08 |  1.0883374480639169e-08 |  -6.818852390759325e-08 |   7.930786877013776e-08 |  -3.871836128490749e-08 | -5.0243092011784635e-08 |  1.6015369419386053e-07 |   7.857259185769854e-08 | 0.0 | 0.0 | 0.0 |   2.766478379735936e-07 | 0.0 |  1.1999480795159992e-08 | -2.9962126059324297e-09 | 0.0 |
|          IExkEtWg-bkg.spectral.norm6 |    -5.6969344574745e-06 |  -8.807756325622781e-18 | 0.0 |   5.403422662171575e-08 |    9.5805922964631e-09 | 0.0 | 0.0 | 0.0 | 0.0 |    -4.2862376792698e-06 |   7.130429518972316e-06 |  1.7366400731202493e-05 |   4.961921989241988e-06 | -2.7485117990416102e-06 |   9.624134163019713e-07 |  1.0463017852959334e-07 |  -5.021765425282926e-07 |    4.57994786547125e-07 | -2.2655958733712176e-07 | -2.4337200287191944e-09 |  1.3383028286625222e-07 |  -1.525362160901536e-07 |    9.13107211335439e-08 |   1.133347172754123e-09 |  -7.947665070420538e-08 |   1.082172699245962e-07 |  -5.404876144725215e-08 | -1.2689888229836476e-07 |  3.0795209499625387e-07 | 0.0 | 0.0 | 0.0 | -4.1185625271582624e-08 | 0.0 |  5.6511081281494775e-09 |  -1.625968206864659e-09 | 0.0 |
|          IExkEtWg-bkg.spectral.norm7 | -2.0363600217577174e-06 |  -4.887394934940132e-18 | 0.0 |   3.772501618087292e-08 |  6.722450263506813e-09 | 0.0 | 0.0 | 0.0 | 0.0 |  -7.379944735169467e-07 | -3.3760100034773843e-06 |   4.961921989241988e-06 |  1.2671526745663314e-05 |  3.6424705231659822e-06 |  -2.121589504496181e-06 |   7.954600532779188e-07 |  5.5676899430614094e-08 | -4.0562116593714105e-07 |  3.9260854988164006e-07 |  -2.057548290178157e-07 |   3.382936373855972e-09 |  1.2343900706105583e-07 | -1.4898055672727928e-07 |   9.212516463285954e-08 |    7.88896999280578e-09 | -1.0588108783057412e-07 |   1.485984779511787e-07 | -3.2389586128585585e-08 |   -5.58126345273566e-07 | 0.0 | 0.0 | 0.0 | -4.3878418671014384e-08 | 0.0 |  2.8628266900811502e-09 |  -7.236254228605591e-10 | 0.0 |
|          IExkEtWg-bkg.spectral.norm8 | -1.3155350590533196e-06 |  -4.015796413849484e-18 | 0.0 |  3.5394914123170395e-08 |  6.374706184829617e-09 | 0.0 | 0.0 | 0.0 | 0.0 |  1.8306876645118665e-06 |   9.349981248540044e-07 | -2.7485117990416102e-06 |  3.6424705231659822e-06 |  1.0205500476382928e-05 |   2.865493420062856e-06 |  -1.765682197087254e-06 |    7.18915074447572e-07 |   8.186061537268916e-09 | -3.4190113729924653e-07 |  3.5875893930729385e-07 |  -2.024334066154318e-07 |  1.1197333520167032e-08 |  1.2262096399647745e-07 | -1.5982446200027907e-07 |  1.0247753738656261e-07 |  2.3986853923593755e-08 | -1.7627910915849287e-07 |   2.416886024700149e-07 |   5.115310119013376e-07 | 0.0 | 0.0 | 0.0 | -1.2507884345037623e-08 | 0.0 |  2.6701053079808306e-09 |  -5.176131662374415e-10 | 0.0 |
|          IExkEtWg-bkg.spectral.norm9 | -1.8494196403437084e-08 |   -2.19577102173491e-18 | 0.0 |   2.483310963202125e-08 |  4.487808405985433e-09 | 0.0 | 0.0 | 0.0 | 0.0 | -1.3191992940714853e-06 |  2.8282030737556307e-07 |   9.624134163019713e-07 |  -2.121589504496181e-06 |   2.865493420062856e-06 |   8.773481770107824e-06 |  2.4752679999184208e-06 | -1.5986619117334239e-06 |   6.905056654655358e-07 | -1.4284908638970968e-08 |  -3.235585128722514e-07 |  3.6040352507796806e-07 | -2.1310722766045447e-07 |  1.1534920122947219e-08 |  1.4427104382246024e-07 | -1.9646618039283847e-07 |  1.2126159200490993e-07 |   8.649871684856538e-08 |  -3.834724116989158e-07 | -5.1695271176877054e-08 | 0.0 | 0.0 | 0.0 | -5.2847473292821095e-08 | 0.0 |   1.510821354272849e-09 |  -1.595725509279784e-10 | 0.0 |
|         IExkEtWg-bkg.spectral.norm10 |  3.7320988657717466e-07 | -1.3295557485365566e-18 | 0.0 |  2.1752606308077536e-08 |  4.003774277678296e-09 | 0.0 | 0.0 | 0.0 | 0.0 |    4.77488892493811e-07 |   -6.20656093132981e-07 |  1.0463017852959334e-07 |   7.954600532779188e-07 |  -1.765682197087254e-06 |  2.4752679999184208e-06 |   7.951207166767103e-06 |  2.2906975637850285e-06 | -1.5270808343799727e-06 |   6.809649477339839e-07 |  -1.628245399662171e-08 | -3.3654044019190646e-07 |  3.8651549876867316e-07 |  -2.318090597608167e-07 |  -7.806838544131593e-10 |  1.9787810814633602e-07 | -2.7058945836868833e-07 |  1.3609243376295464e-07 |   3.166103316413168e-07 |  -7.700320396938843e-07 | 0.0 | 0.0 | 0.0 | -1.7720663996552605e-08 | 0.0 |  1.2768156384103774e-09 | -1.7471382237762522e-11 | 0.0 |
|         IExkEtWg-bkg.spectral.norm11 |  4.3442185395074143e-07 |  -9.941969059074525e-19 | 0.0 |  2.0059415103889022e-08 |  3.707486015028036e-09 | 0.0 | 0.0 | 0.0 | 0.0 |  1.2776200340707198e-07 |   4.813149985269116e-07 |  -5.021765425282926e-07 |  5.5676899430614094e-08 |    7.18915074447572e-07 | -1.5986619117334239e-06 |  2.2906975637850285e-06 |   7.580852434609618e-06 |   2.231063190530945e-06 | -1.5260517451773578e-06 |   6.956744497644806e-07 |  -9.554623971494449e-09 |   -3.76139811608309e-07 |   4.410405948326318e-07 |  -2.633480293199997e-07 | -3.3415319400711995e-08 |  3.1567259730878154e-07 |  -4.278657721545707e-07 |   7.203297621506578e-08 |  1.6247146862320089e-06 | 0.0 | 0.0 | 0.0 |  -6.401105052422723e-09 | 0.0 |  1.2126042046419953e-09 |   2.089511370811519e-11 | 0.0 |
|         IExkEtWg-bkg.spectral.norm12 |   6.562342021226394e-07 |  -5.071205427314162e-19 | 0.0 |   1.778054582793398e-08 |  3.327978302632369e-09 | 0.0 | 0.0 | 0.0 | 0.0 |  -3.643129727265569e-07 |  -1.939628746648095e-07 |    4.57994786547125e-07 | -4.0562116593714105e-07 |   8.186061537268916e-09 |   6.905056654655358e-07 | -1.5270808343799727e-06 |   2.231063190530945e-06 |   7.589396501201667e-06 |  2.2866702100599346e-06 | -1.6045532561047637e-06 |   7.451085066180062e-07 |   6.102114032315785e-09 | -4.5638759628004565e-07 |   5.442190933861242e-07 | -3.1443377369666524e-07 | -1.2576258478587676e-07 |   6.158488615687793e-07 |  -7.566815470906982e-07 | -1.8502020032329189e-06 | 0.0 | 0.0 | 0.0 | -1.1602543048409327e-08 | 0.0 |  1.0309060734147992e-09 |   9.139422411031543e-11 | 0.0 |
|         IExkEtWg-bkg.spectral.norm13 |   5.682145083969757e-07 |  -4.012418231484688e-19 | 0.0 |  1.7971047712454544e-08 |  3.410934178850006e-09 | 0.0 | 0.0 | 0.0 | 0.0 |   3.208385040443445e-07 | -4.1754238195411786e-08 | -2.2655958733712176e-07 |  3.9260854988164006e-07 | -3.4190113729924653e-07 | -1.4284908638970968e-08 |   6.809649477339839e-07 | -1.5260517451773578e-06 |  2.2866702100599346e-06 |   7.972819004011803e-06 |  2.4768349136284502e-06 |  -1.784074182045823e-06 |    8.39468713265313e-07 |   4.219264771691053e-08 |  -6.112704438097161e-07 |   7.350660233557037e-07 |  -3.792476326903437e-07 | -4.2867051582574923e-07 |  1.4514594417037374e-06 |   6.043148539320856e-07 | 0.0 | 0.0 | 0.0 |   1.212618878293133e-09 | 0.0 |  1.1541678440851519e-09 |   8.858676852084823e-11 | 0.0 |
|         IExkEtWg-bkg.spectral.norm14 |   5.552788007924118e-07 |  -2.677059596186624e-19 | 0.0 |  1.9112798056994675e-08 |  3.687970055266002e-09 | 0.0 | 0.0 | 0.0 | 0.0 |  -1.506033508235754e-07 |  1.5127425287515984e-07 | -2.4337200287191944e-09 |  -2.057548290178157e-07 |  3.5875893930729385e-07 |  -3.235585128722514e-07 |  -1.628245399662171e-08 |   6.956744497644806e-07 | -1.6045532561047637e-06 |  2.4768349136284502e-06 |   8.819484102827952e-06 |  2.8505671663092746e-06 | -2.1114118870028323e-06 |  1.0003546816370105e-06 |  1.2386218571391485e-07 |  -9.180604371991479e-07 |  1.1026607730555437e-06 |  -4.033393496883845e-07 | -1.5198328140537826e-06 |   2.687342270290053e-06 | 0.0 | 0.0 | 0.0 | -1.2953442010502444e-09 | 0.0 |  1.2966661246145603e-09 |   9.995537497244196e-11 | 0.0 |
|         IExkEtWg-bkg.spectral.norm15 |   5.422243240169903e-07 |  -1.515497879666019e-19 | 0.0 |   2.097289344093099e-08 |  4.130205255869299e-09 | 0.0 | 0.0 | 0.0 | 0.0 | -1.7792232333473754e-08 | -1.4510286739417442e-07 |  1.3383028286625222e-07 |   3.382936373855972e-09 |  -2.024334066154318e-07 |  3.6040352507796806e-07 | -3.3654044019190646e-07 |  -9.554623971494449e-09 |   7.451085066180062e-07 |  -1.784074182045823e-06 |  2.8505671663092746e-06 |  1.0353538390584206e-05 |  3.5212177287156723e-06 | -2.6942471779090005e-06 |  1.2761363288371847e-06 |  3.2310434241985486e-07 | -1.6025572764074963e-06 |  1.9132038806972384e-06 |  4.6010757714596507e-08 |  -7.449088854404896e-06 | 0.0 | 0.0 | 0.0 |  4.2140806106433287e-10 | 0.0 |  1.5078279267330463e-09 |  1.0438855602263213e-10 | 0.0 |
|         IExkEtWg-bkg.spectral.norm16 |   4.726204805951413e-07 | -1.6176315579355576e-19 | 0.0 |   2.488084167730631e-08 |  4.966553810073937e-09 | 0.0 | 0.0 | 0.0 | 0.0 |  1.1437620766656894e-07 |   7.321509244706706e-08 |  -1.525362160901536e-07 |  1.2343900706105583e-07 |  1.1197333520167032e-08 | -2.1310722766045447e-07 |  3.8651549876867316e-07 |   -3.76139811608309e-07 |   6.102114032315785e-09 |    8.39468713265313e-07 | -2.1114118870028323e-06 |  3.5212177287156723e-06 |  1.3057223632693719e-05 |   4.749901959195671e-06 | -3.7808216468434142e-06 |  1.7568926350217555e-06 |   9.151533240131863e-07 | -3.4678445571708468e-06 |   3.755684472366246e-06 |  1.0644733535559891e-05 | 0.0 | 0.0 | 0.0 |   3.946393083869487e-09 | 0.0 |   1.938830958447237e-09 |   9.228367746424612e-11 | 0.0 |
|         IExkEtWg-bkg.spectral.norm17 |   4.663898230629202e-07 | -1.3909584267438219e-19 | 0.0 |   3.783331755571721e-08 |  7.641803948367234e-09 | 0.0 | 0.0 | 0.0 | 0.0 | -1.2425908988800648e-07 |  1.0883374480639169e-08 |    9.13107211335439e-08 | -1.4898055672727928e-07 |  1.2262096399647745e-07 |  1.1534920122947219e-08 |  -2.318090597608167e-07 |   4.410405948326318e-07 | -4.5638759628004565e-07 |   4.219264771691053e-08 |  1.0003546816370105e-06 | -2.6942471779090005e-06 |   4.749901959195671e-06 |  1.8016717489786674e-05 |   7.170842299461484e-06 |   -5.98122821220855e-06 |  2.5703636776296583e-06 |  3.0679704255241515e-06 |  -9.393390539095188e-06 |  -5.154586599022916e-06 | 0.0 | 0.0 | 0.0 |  1.5628865326922672e-09 | 0.0 |   3.135923551849149e-09 |   9.006029122659092e-11 | 0.0 |
|         IExkEtWg-bkg.spectral.norm18 |   4.780528068499066e-07 |  -1.448931031972146e-19 | 0.0 |   4.663921378540411e-08 |  9.465405580080832e-09 | 0.0 | 0.0 | 0.0 | 0.0 |   6.844578364930225e-08 |  -6.818852390759325e-08 |   1.133347172754123e-09 |   9.212516463285954e-08 | -1.5982446200027907e-07 |  1.4427104382246024e-07 |  -7.806838544131593e-10 |  -2.633480293199997e-07 |   5.442190933861242e-07 |  -6.112704438097161e-07 |  1.2386218571391485e-07 |  1.2761363288371847e-06 | -3.7808216468434142e-06 |   7.170842299461484e-06 |  2.7963847751948176e-05 |  1.2545564106547855e-05 |  -1.108089199285812e-05 |  3.7898866563150363e-06 |  1.2323412203817387e-05 | -2.1140995659427546e-05 | 0.0 | 0.0 | 0.0 |   4.632128490433795e-09 | 0.0 |   3.891403544332391e-09 |   7.872810125635464e-11 | 0.0 |
|         IExkEtWg-bkg.spectral.norm19 |   5.840488042712899e-07 |  -6.163136249298203e-20 | 0.0 |  2.4424802438994907e-08 |  4.974222267153841e-09 | 0.0 | 0.0 | 0.0 | 0.0 |   1.750574103986062e-08 |   7.930786877013776e-08 |  -7.947665070420538e-08 |    7.88896999280578e-09 |  1.0247753738656261e-07 | -1.9646618039283847e-07 |  1.9787810814633602e-07 | -3.3415319400711995e-08 | -3.1443377369666524e-07 |   7.350660233557037e-07 |  -9.180604371991479e-07 |  3.2310434241985486e-07 |  1.7568926350217555e-06 |   -5.98122821220855e-06 |  1.2545564106547855e-05 |   5.084487902344938e-05 |  2.7040900536975528e-05 |  -2.600412308902586e-05 |  3.0939310950131815e-06 |   8.052090348320964e-05 | 0.0 | 0.0 | 0.0 |   3.989011358730086e-09 | 0.0 |  1.8203554633763072e-09 |   1.037724719953859e-10 | 0.0 |
|         IExkEtWg-bkg.spectral.norm20 |   7.071417908467637e-07 |   5.424041961793681e-20 | 0.0 |   1.870244087850837e-09 |   4.99108875139041e-10 | 0.0 | 0.0 | 0.0 | 0.0 |  -9.470752630820383e-08 |  -3.871836128490749e-08 |   1.082172699245962e-07 | -1.0588108783057412e-07 |  2.3986853923593755e-08 |  1.2126159200490993e-07 | -2.7058945836868833e-07 |  3.1567259730878154e-07 | -1.2576258478587676e-07 |  -3.792476326903437e-07 |  1.1026607730555437e-06 | -1.6025572764074963e-06 |   9.151533240131863e-07 |  2.5703636776296583e-06 |  -1.108089199285812e-05 |  2.7040900536975528e-05 |  0.00011468422298809219 |    7.98669119823615e-05 |  -8.307486662199069e-05 |  -0.0001459562994887166 | 0.0 | 0.0 | 0.0 |    7.70006931802782e-09 | 0.0 | -2.9158718536664666e-10 |    1.60444341356102e-10 | 0.0 |
|         IExkEtWg-bkg.spectral.norm21 |  1.9512121186205683e-06 | -1.2968973734655508e-19 | 0.0 |   1.101933008399103e-07 | 2.2411894356035167e-08 | 0.0 | 0.0 | 0.0 | 0.0 |  1.1863816855810168e-07 | -5.0243092011784635e-08 |  -5.404876144725215e-08 |   1.485984779511787e-07 | -1.7627910915849287e-07 |   8.649871684856538e-08 |  1.3609243376295464e-07 |  -4.278657721545707e-07 |   6.158488615687793e-07 | -4.2867051582574923e-07 |  -4.033393496883845e-07 |  1.9132038806972384e-06 | -3.4678445571708468e-06 |  3.0679704255241515e-06 |  3.7898866563150363e-06 |  -2.600412308902586e-05 |    7.98669119823615e-05 |   0.0003534091215552705 |   0.0003637843219269948 | -0.00010743787281023435 | 0.0 | 0.0 | 0.0 |  2.2761397646492125e-08 | 0.0 |   8.781260523925208e-09 |  3.9149432093410515e-10 | 0.0 |
|         IExkEtWg-bkg.spectral.norm22 |   6.683885976654255e-06 |  -5.819671774355517e-19 | 0.0 |   4.770132995611417e-07 |  9.588274490091286e-08 | 0.0 | 0.0 | 0.0 | 0.0 | -5.4369479972638645e-09 |  1.6015369419386053e-07 | -1.2689888229836476e-07 | -3.2389586128585585e-08 |   2.416886024700149e-07 |  -3.834724116989158e-07 |   3.166103316413168e-07 |   7.203297621506578e-08 |  -7.566815470906982e-07 |  1.4514594417037374e-06 | -1.5198328140537826e-06 |  4.6010757714596507e-08 |   3.755684472366246e-06 |  -9.393390539095188e-06 |  1.2323412203817387e-05 |  3.0939310950131815e-06 |  -8.307486662199069e-05 |   0.0003637843219269948 |   0.0018321654570920473 |   0.0033126366136984244 | 0.0 | 0.0 | 0.0 |  3.2770401058685525e-09 | 0.0 |   3.958586217275814e-08 |  1.1585397331225568e-09 | 0.0 |
|         IExkEtWg-bkg.spectral.norm23 |  1.3970225621402664e-05 |  -9.678007136361637e-19 | 0.0 |   9.835201045887301e-07 |  1.968662274479699e-07 | 0.0 | 0.0 | 0.0 | 0.0 |  -4.603741234133032e-07 |   7.857259185769854e-08 |  3.0795209499625387e-07 |   -5.58126345273566e-07 |   5.115310119013376e-07 | -5.1695271176877054e-08 |  -7.700320396938843e-07 |  1.6247146862320089e-06 | -1.8502020032329189e-06 |   6.043148539320856e-07 |   2.687342270290053e-06 |  -7.449088854404896e-06 |  1.0644733535559891e-05 |  -5.154586599022916e-06 | -2.1140995659427546e-05 |   8.052090348320964e-05 |  -0.0001459562994887166 | -0.00010743787281023435 |   0.0033126366136984244 |    0.011008366425737073 | 0.0 | 0.0 | 0.0 |   -7.85837816218752e-08 | 0.0 |   8.199065455124876e-08 |  2.2817684445737895e-09 | 0.0 |
|           IExkEtWg-bkg.spectral.norm |                     0.0 |                     0.0 | 0.0 |                     0.0 |                    0.0 | 0.0 | 0.0 | 0.0 | 0.0 |                     0.0 |                     0.0 |                     0.0 |                     0.0 |                     0.0 |                     0.0 |                     0.0 |                     0.0 |                     0.0 |                     0.0 |                     0.0 |                     0.0 |                     0.0 |                     0.0 |                     0.0 |                     0.0 |                     0.0 |                     0.0 |                     0.0 |                     0.0 | 0.0 | 0.0 | 0.0 |                     0.0 | 0.0 |                     0.0 |                     0.0 | 0.0 |
|           IExkEtWg-bkg.spectral.tilt |                     0.0 |                     0.0 | 0.0 |                     0.0 |                    0.0 | 0.0 | 0.0 | 0.0 | 0.0 |                     0.0 |                     0.0 |                     0.0 |                     0.0 |                     0.0 |                     0.0 |                     0.0 |                     0.0 |                     0.0 |                     0.0 |                     0.0 |                     0.0 |                     0.0 |                     0.0 |                     0.0 |                     0.0 |                     0.0 |                     0.0 |                     0.0 |                     0.0 | 0.0 | 0.0 | 0.0 |                     0.0 | 0.0 |                     0.0 |                     0.0 | 0.0 |
|      IExkEtWg-bkg.spectral.reference |                     0.0 |                     0.0 | 0.0 |                     0.0 |                    0.0 | 0.0 | 0.0 | 0.0 | 0.0 |                     0.0 |                     0.0 |                     0.0 |                     0.0 |                     0.0 |                     0.0 |                     0.0 |                     0.0 |                     0.0 |                     0.0 |                     0.0 |                     0.0 |                     0.0 |                     0.0 |                     0.0 |                     0.0 |                     0.0 |                     0.0 |                     0.0 |                     0.0 | 0.0 | 0.0 | 0.0 |                     0.0 | 0.0 |                     0.0 |                     0.0 | 0.0 |
|       IExkEtWg-irf.e_reco_model.bias |   0.0044376373358808495 |   6.976939229118853e-17 | 0.0 |    7.88243816192298e-06 | 1.5363830935563615e-06 | 0.0 | 0.0 | 0.0 | 0.0 |   3.279587866380393e-07 |   2.766478379735936e-07 | -4.1185625271582624e-08 | -4.3878418671014384e-08 | -1.2507884345037623e-08 | -5.2847473292821095e-08 | -1.7720663996552605e-08 |  -6.401105052422723e-09 | -1.1602543048409327e-08 |   1.212618878293133e-09 | -1.2953442010502444e-09 |  4.2140806106433287e-10 |   3.946393083869487e-09 |  1.5628865326922672e-09 |   4.632128490433795e-09 |   3.989011358730086e-09 |    7.70006931802782e-09 |  2.2761397646492125e-08 |  3.2770401058685525e-09 |   -7.85837816218752e-08 | 0.0 | 0.0 | 0.0 |    0.009743512645236471 | 0.0 |  -1.556978364990829e-07 |   9.517974375784266e-07 | 0.0 |
| IExkEtWg-irf.e_reco_model.resolution |                     0.0 |                     0.0 | 0.0 |                     0.0 |                    0.0 | 0.0 | 0.0 | 0.0 | 0.0 |                     0.0 |                     0.0 |                     0.0 |                     0.0 |                     0.0 |                     0.0 |                     0.0 |                     0.0 |                     0.0 |                     0.0 |                     0.0 |                     0.0 |                     0.0 |                     0.0 |                     0.0 |                     0.0 |                     0.0 |                     0.0 |                     0.0 |                     0.0 | 0.0 | 0.0 | 0.0 |                     0.0 | 0.0 |                     0.0 |                     0.0 | 0.0 |
|  IExkEtWg-irf.spectral.norm_nuisance |  -7.521768587589527e-05 | -1.0023412278090181e-14 | 0.0 |    2.89346834052117e-07 | 1.1887437715341879e-07 | 0.0 | 0.0 | 0.0 | 0.0 |   8.958984133988288e-09 |  1.1999480795159992e-08 |  5.6511081281494775e-09 |  2.8628266900811502e-09 |  2.6701053079808306e-09 |   1.510821354272849e-09 |  1.2768156384103774e-09 |  1.2126042046419953e-09 |  1.0309060734147992e-09 |  1.1541678440851519e-09 |  1.2966661246145603e-09 |  1.5078279267330463e-09 |   1.938830958447237e-09 |   3.135923551849149e-09 |   3.891403544332391e-09 |  1.8203554633763072e-09 | -2.9158718536664666e-10 |   8.781260523925208e-09 |   3.958586217275814e-08 |   8.199065455124876e-08 | 0.0 | 0.0 | 0.0 |  -1.556978364990829e-07 | 0.0 |    0.009876608047932984 | -3.1931497553717573e-08 | 0.0 |
|  IExkEtWg-irf.spectral.tilt_nuisance | -0.00035101988541603654 |  3.6806623443444694e-17 | 0.0 | -1.3310521229664274e-08 | -2.249469886850959e-09 | 0.0 | 0.0 | 0.0 | 0.0 | -2.0312968336849804e-09 | -2.9962126059324297e-09 |  -1.625968206864659e-09 |  -7.236254228605591e-10 |  -5.176131662374415e-10 |  -1.595725509279784e-10 | -1.7471382237762522e-11 |   2.089511370811519e-11 |   9.139422411031543e-11 |   8.858676852084823e-11 |   9.995537497244196e-11 |  1.0438855602263213e-10 |   9.228367746424612e-11 |   9.006029122659092e-11 |   7.872810125635464e-11 |   1.037724719953859e-10 |    1.60444341356102e-10 |  3.9149432093410515e-10 |  1.1585397331225568e-09 |  2.2817684445737895e-09 | 0.0 | 0.0 | 0.0 |   9.517974375784266e-07 | 0.0 | -3.1931497553717573e-08 |   0.0003944924892787683 | 0.0 |
|      IExkEtWg-irf.spectral.reference |                     0.0 |                     0.0 | 0.0 |                     0.0 |                    0.0 | 0.0 | 0.0 | 0.0 | 0.0 |                     0.0 |                     0.0 |                     0.0 |                     0.0 |                     0.0 |                     0.0 |                     0.0 |                     0.0 |                     0.0 |                     0.0 |                     0.0 |                     0.0 |                     0.0 |                     0.0 |                     0.0 |                     0.0 |                     0.0 |                     0.0 |                     0.0 |                     0.0 | 0.0 | 0.0 | 0.0 |                     0.0 | 0.0 |                     0.0 |                     0.0 | 0.0 |
