|                    Parameters |                      0 |                       1 |   2 |                       3 |   4 |                      5 |                       6 |                       7 |   8 |   9 |  10 |  11 |  12 |  13 |  14 |                     15 |                      16 |                     17 |                     18 |                     19 |                     20 |                      21 |                     22 |                     23 |                     24 |                      25 |                     26 |                     27 |                      28 |                     29 |                      30 |                     31 |                     32 |                      33 |                     34 |
|        Crablog.spectral.index |  0.0003736978484280244 |  1.5381363166577925e-18 | 0.0 |   3.170120799292976e-08 | 0.0 | 2.3358451667959974e-17 |  -2.396276780558143e-15 |   1.823366007400949e-14 | 0.0 | 0.0 | 0.0 | 0.0 | 0.0 | 0.0 | 0.0 |                    0.0 |                     0.0 |                    0.0 |                    0.0 |                    0.0 |                    0.0 |                     0.0 |                    0.0 |                    0.0 |                    0.0 |                     0.0 |                    0.0 |                    0.0 |                     0.0 |                    0.0 |                     0.0 |                    0.0 |                    0.0 |                     0.0 |                    0.0 |
|    Crablog.spectral.amplitude | 1.5381363166577925e-18 |  4.9655273548884926e-26 | 0.0 |  1.4098626999411048e-19 | 0.0 |  1.038831382778178e-28 | -4.6618190771797664e-26 |    8.10914121237421e-26 | 0.0 | 0.0 | 0.0 | 0.0 | 0.0 | 0.0 | 0.0 |                    0.0 |                     0.0 |                    0.0 |                    0.0 |                    0.0 |                    0.0 |                     0.0 |                    0.0 |                    0.0 |                    0.0 |                     0.0 |                    0.0 |                    0.0 |                     0.0 |                    0.0 |                     0.0 |                    0.0 |                    0.0 |                     0.0 |                    0.0 |
|    Crablog.spectral.reference |                    0.0 |                     0.0 | 0.0 |                     0.0 | 0.0 |                    0.0 |                     0.0 |                     0.0 | 0.0 | 0.0 | 0.0 | 0.0 | 0.0 | 0.0 | 0.0 |                    0.0 |                     0.0 |                    0.0 |                    0.0 |                    0.0 |                    0.0 |                     0.0 |                    0.0 |                    0.0 |                    0.0 |                     0.0 |                    0.0 |                    0.0 |                     0.0 |                    0.0 |                     0.0 |                    0.0 |                    0.0 |                     0.0 |                    0.0 |
|      Crablog.spectral.lambda_ |  3.170120799292976e-08 |  1.4098626999411048e-19 | 0.0 |   7.269534982735697e-06 | 0.0 |  2.141046237474716e-18 | -1.0065290009513157e-18 |  1.6713055236618974e-15 | 0.0 | 0.0 | 0.0 | 0.0 | 0.0 | 0.0 | 0.0 |                    0.0 |                     0.0 |                    0.0 |                    0.0 |                    0.0 |                    0.0 |                     0.0 |                    0.0 |                    0.0 |                    0.0 |                     0.0 |                    0.0 |                    0.0 |                     0.0 |                    0.0 |                     0.0 |                    0.0 |                    0.0 |                     0.0 |                    0.0 |
|        Crablog.spectral.alpha |                    0.0 |                     0.0 | 0.0 |                     0.0 | 0.0 |                    0.0 |                     0.0 |                     0.0 | 0.0 | 0.0 | 0.0 | 0.0 | 0.0 | 0.0 | 0.0 |                    0.0 |                     0.0 |                    0.0 |                    0.0 |                    0.0 |                    0.0 |                     0.0 |                    0.0 |                    0.0 |                    0.0 |                     0.0 |                    0.0 |                    0.0 |                     0.0 |                    0.0 |                     0.0 |                    0.0 |                    0.0 |                     0.0 |                    0.0 |
|         Crablog.spatial.lon_0 | 2.3358451667959974e-17 |   1.038831382778178e-28 | 0.0 |   2.141046237474716e-18 | 0.0 |  3.341148833058481e-23 |  -6.034712698765631e-24 |  1.2314707157392159e-24 | 0.0 | 0.0 | 0.0 | 0.0 | 0.0 | 0.0 | 0.0 |                    0.0 |                     0.0 |                    0.0 |                    0.0 |                    0.0 |                    0.0 |                     0.0 |                    0.0 |                    0.0 |                    0.0 |                     0.0 |                    0.0 |                    0.0 |                     0.0 |                    0.0 |                     0.0 |                    0.0 |                    0.0 |                     0.0 |                    0.0 |
|         Crablog.spatial.lat_0 | -2.396276780558143e-15 | -4.6618190771797664e-26 | 0.0 | -1.0065290009513157e-18 | 0.0 | -6.034712698765631e-24 |                     0.0 | -1.7203862427112007e-24 | 0.0 | 0.0 | 0.0 | 0.0 | 0.0 | 0.0 | 0.0 |                    0.0 |                     0.0 |                    0.0 |                    0.0 |                    0.0 |                    0.0 |                     0.0 |                    0.0 |                    0.0 |                    0.0 |                     0.0 |                    0.0 |                    0.0 |                     0.0 |                    0.0 |                     0.0 |                    0.0 |                    0.0 |                     0.0 |                    0.0 |
|         Crablog.spatial.sigma |  1.823366007400949e-14 |    8.10914121237421e-26 | 0.0 |  1.6713055236618974e-15 | 0.0 | 1.2314707157392159e-24 | -1.7203862427112007e-24 |  1.3446501615923152e-16 | 0.0 | 0.0 | 0.0 | 0.0 | 0.0 | 0.0 | 0.0 |                    0.0 |                     0.0 |                    0.0 |                    0.0 |                    0.0 |                    0.0 |                     0.0 |                    0.0 |                    0.0 |                    0.0 |                     0.0 |                    0.0 |                    0.0 |                     0.0 |                    0.0 |                     0.0 |                    0.0 |                    0.0 |                     0.0 |                    0.0 |
|             Crablog.spatial.e |                    0.0 |                     0.0 | 0.0 |                     0.0 | 0.0 |                    0.0 |                     0.0 |                     0.0 | 0.0 | 0.0 | 0.0 | 0.0 | 0.0 | 0.0 | 0.0 |                    0.0 |                     0.0 |                    0.0 |                    0.0 |                    0.0 |                    0.0 |                     0.0 |                    0.0 |                    0.0 |                    0.0 |                     0.0 |                    0.0 |                    0.0 |                     0.0 |                    0.0 |                     0.0 |                    0.0 |                    0.0 |                     0.0 |                    0.0 |
|           Crablog.spatial.phi |                    0.0 |                     0.0 | 0.0 |                     0.0 | 0.0 |                    0.0 |                     0.0 |                     0.0 | 0.0 | 0.0 | 0.0 | 0.0 | 0.0 | 0.0 | 0.0 |                    0.0 |                     0.0 |                    0.0 |                    0.0 |                    0.0 |                    0.0 |                     0.0 |                    0.0 |                    0.0 |                    0.0 |                     0.0 |                    0.0 |                    0.0 |                     0.0 |                    0.0 |                     0.0 |                    0.0 |                    0.0 |                     0.0 |                    0.0 |
|  dataset_N-bkg.spectral._norm |                    0.0 |                     0.0 | 0.0 |                     0.0 | 0.0 |                    0.0 |                     0.0 |                     0.0 | 0.0 | 0.0 | 0.0 | 0.0 | 0.0 | 0.0 | 0.0 |                    0.0 |                     0.0 |                    0.0 |                    0.0 |                    0.0 |                    0.0 |                     0.0 |                    0.0 |                    0.0 |                    0.0 |                     0.0 |                    0.0 |                    0.0 |                     0.0 |                    0.0 |                     0.0 |                    0.0 |                    0.0 |                     0.0 |                    0.0 |
|  dataset_N-bkg.spectral.norm0 |                    0.0 |                     0.0 | 0.0 |                     0.0 | 0.0 |                    0.0 |                     0.0 |                     0.0 | 0.0 | 0.0 | 0.0 | 0.0 | 0.0 | 0.0 | 0.0 |                    0.0 |                     0.0 |                    0.0 |                    0.0 |                    0.0 |                    0.0 |                     0.0 |                    0.0 |                    0.0 |                    0.0 |                     0.0 |                    0.0 |                    0.0 |                     0.0 |                    0.0 |                     0.0 |                    0.0 |                    0.0 |                     0.0 |                    0.0 |
|  dataset_N-bkg.spectral.norm1 |                    0.0 |                     0.0 | 0.0 |                     0.0 | 0.0 |                    0.0 |                     0.0 |                     0.0 | 0.0 | 0.0 | 0.0 | 0.0 | 0.0 | 0.0 | 0.0 |                    0.0 |                     0.0 |                    0.0 |                    0.0 |                    0.0 |                    0.0 |                     0.0 |                    0.0 |                    0.0 |                    0.0 |                     0.0 |                    0.0 |                    0.0 |                     0.0 |                    0.0 |                     0.0 |                    0.0 |                    0.0 |                     0.0 |                    0.0 |
|  dataset_N-bkg.spectral.norm2 |                    0.0 |                     0.0 | 0.0 |                     0.0 | 0.0 |                    0.0 |                     0.0 |                     0.0 | 0.0 | 0.0 | 0.0 | 0.0 | 0.0 | 0.0 | 0.0 |                    0.0 |                     0.0 |                    0.0 |                    0.0 |                    0.0 |                    0.0 |                     0.0 |                    0.0 |                    0.0 |                    0.0 |                     0.0 |                    0.0 |                    0.0 |                     0.0 |                    0.0 |                     0.0 |                    0.0 |                    0.0 |                     0.0 |                    0.0 |
|  dataset_N-bkg.spectral.norm3 |                    0.0 |                     0.0 | 0.0 |                     0.0 | 0.0 |                    0.0 |                     0.0 |                     0.0 | 0.0 | 0.0 | 0.0 | 0.0 | 0.0 | 0.0 | 0.0 |                    0.0 |                     0.0 |                    0.0 |                    0.0 |                    0.0 |                    0.0 |                     0.0 |                    0.0 |                    0.0 |                    0.0 |                     0.0 |                    0.0 |                    0.0 |                     0.0 |                    0.0 |                     0.0 |                    0.0 |                    0.0 |                     0.0 |                    0.0 |
|  dataset_N-bkg.spectral.norm4 |                    0.0 |                     0.0 | 0.0 |                     0.0 | 0.0 |                    0.0 |                     0.0 |                     0.0 | 0.0 | 0.0 | 0.0 | 0.0 | 0.0 | 0.0 | 0.0 |  2.066055408766818e-27 |  1.7833852117148465e-29 |  4.626457499409535e-35 |  4.719950538881415e-38 |  5.054779516032878e-39 |  5.138047734973627e-39 |   2.884711108751403e-40 | 1.0651713757394753e-38 | 1.2390409256841945e-38 | 2.2958843792180814e-38 |  -2.912932357608483e-23 | 1.5810104835714695e-38 |  2.720245080430616e-38 |  3.3873161451202834e-38 |  5.018302267020399e-38 |  1.6698247386569953e-37 |  8.357932877968481e-38 | 1.4823561093044278e-37 |   2.720603780395946e-37 |  4.026927931849998e-37 |
|  dataset_N-bkg.spectral.norm5 |                    0.0 |                     0.0 | 0.0 |                     0.0 | 0.0 |                    0.0 |                     0.0 |                     0.0 | 0.0 | 0.0 | 0.0 | 0.0 | 0.0 | 0.0 | 0.0 | 1.7833852117148465e-29 |  3.4521539467807715e-21 |  1.788712463716261e-32 | 1.8248593784983408e-35 | 1.9543132348713054e-36 | 1.9865069599989612e-36 |  1.1153066282577845e-37 |  4.118238016932316e-36 |  4.790464296081208e-36 |  8.876504333786661e-36 | -1.1262177194282406e-20 |  6.112610258694235e-36 | 1.0517196538280293e-35 |  1.3096272057178218e-35 | 1.9402101527703612e-35 |   6.455989972108724e-35 | 3.2314008529494047e-35 |  5.731186007257563e-35 |  1.0518583368482023e-34 | 1.5569182648076943e-34 |
|  dataset_N-bkg.spectral.norm6 |                    0.0 |                     0.0 | 0.0 |                     0.0 | 0.0 |                    0.0 |                     0.0 |                     0.0 | 0.0 | 0.0 | 0.0 | 0.0 | 0.0 | 0.0 | 0.0 |  4.626457499409535e-35 |   1.788712463716261e-32 | 1.6058405315130528e-33 |   4.73404977318574e-41 |  5.069878937131925e-42 | 5.1533958913336224e-42 |  2.8933281943516713e-43 | 1.0683532100991993e-41 | 1.2427421357244185e-41 |  2.302742546805131e-41 |  -2.921633744515877e-26 | 1.5857332104436773e-41 | 2.7283708801478447e-41 |  3.3974345909809875e-41 |  5.033292724841894e-41 |  1.6748127676720328e-40 |  8.382899337463249e-41 | 1.4867841400508015e-40 |   2.728730651606364e-40 | 4.0389569986739135e-40 |
|  dataset_N-bkg.spectral.norm7 |                    0.0 |                     0.0 | 0.0 |                     0.0 | 0.0 |                    0.0 |                     0.0 |                     0.0 | 0.0 | 0.0 | 0.0 | 0.0 | 0.0 | 0.0 | 0.0 |  4.719950538881415e-38 |  1.8248593784983408e-35 |   4.73404977318574e-41 | 2.1028084992239423e-39 | 5.1723327890580323e-45 |  5.257537482506604e-45 |  2.9517975625700438e-46 | 1.0899428580867715e-44 | 1.2678558949156532e-44 | 2.3492771577573574e-44 |    -2.9806751209974e-29 | 1.6177782508779197e-44 | 2.7835067344000777e-44 |  3.4660911141108896e-44 |  5.135007230045332e-44 |  1.7086579583424228e-43 |  8.552303841610598e-44 | 1.5168295837428006e-43 |  2.7838737762435894e-43 |  4.120577626584241e-43 |
|  dataset_N-bkg.spectral.norm8 |                    0.0 |                     0.0 | 0.0 |                     0.0 | 0.0 |                    0.0 |                     0.0 |                     0.0 | 0.0 | 0.0 | 0.0 | 0.0 | 0.0 | 0.0 | 0.0 |  5.054779516032878e-39 |  1.9543132348713054e-36 |  5.069878937131925e-42 | 5.1723327890580323e-45 | 3.2617298764077254e-41 |  5.630502386079587e-46 |  3.1611953836895285e-47 | 1.1672624082219776e-45 | 1.3577964332694014e-45 | 2.5159327320684405e-45 |  -3.192121489717376e-30 |  1.732541961331485e-45 |  2.980966157988499e-45 |     3.7119724497078e-45 |  5.499279949502453e-45 |  1.8298685921786584e-44 |  9.158996459252654e-45 | 1.6244320880177802e-44 |    2.98135923744491e-44 | 4.4128876371695153e-44 |
|  dataset_N-bkg.spectral.norm9 |                    0.0 |                     0.0 | 0.0 |                     0.0 | 0.0 |                    0.0 |                     0.0 |                     0.0 | 0.0 | 0.0 | 0.0 | 0.0 | 0.0 | 0.0 | 0.0 |  5.138047734973627e-39 |  1.9865069599989612e-36 | 5.1533958913336224e-42 |  5.257537482506604e-45 |  5.630502386079587e-46 |  4.644294502386963e-41 |   3.213270278052109e-47 | 1.1864909149176397e-45 | 1.3801636384707036e-45 |   2.55737810805558e-45 |  -3.244705834939196e-30 |  1.761082411592985e-45 | 3.0300721065093085e-45 |  3.7731203857679036e-45 |  5.589870497596434e-45 |   1.860012320126246e-44 |  9.309874122665587e-45 | 1.6511916264566796e-44 |  3.0304716612286136e-44 |   4.48558186503193e-44 |
| dataset_N-bkg.spectral.norm10 |                    0.0 |                     0.0 | 0.0 |                     0.0 | 0.0 |                    0.0 |                     0.0 |                     0.0 | 0.0 | 0.0 | 0.0 | 0.0 | 0.0 | 0.0 | 0.0 |  2.884711108751403e-40 |  1.1153066282577845e-37 | 2.8933281943516713e-43 | 2.9517975625700438e-46 | 3.1611953836895285e-47 |  3.213270278052109e-47 |   2.434665569817994e-43 |  6.661447497651749e-47 |  7.748805743260829e-47 |  1.435817146534051e-46 | -1.8217111730916292e-31 |  9.887440246163984e-47 |  1.701206979154317e-46 |  2.1183848132420897e-46 |  3.138382972026034e-46 |  1.0442873400650089e-45 |  5.226945853368661e-46 |   9.27046822686113e-46 |   1.701431305590502e-45 | 2.5183899610729992e-45 |
| dataset_N-bkg.spectral.norm11 |                    0.0 |                     0.0 | 0.0 |                     0.0 | 0.0 |                    0.0 |                     0.0 |                     0.0 | 0.0 | 0.0 | 0.0 | 0.0 | 0.0 | 0.0 | 0.0 | 1.0651713757394753e-38 |   4.118238016932316e-36 | 1.0683532100991993e-41 | 1.0899428580867715e-44 | 1.1672624082219776e-45 | 1.1864909149176397e-45 |   6.661447497651749e-47 |  5.549131512484199e-40 | 2.8612244910235056e-45 |  5.301713993627506e-45 |  -6.726616715813418e-30 | 3.6509092011320544e-45 |  6.281658405606262e-45 |   7.822075697706002e-45 | 1.1588389900703913e-44 |  3.8560013143424337e-44 | 1.9300348962701774e-44 | 3.4230940370416605e-44 |   6.282486724594326e-44 |  9.299083334017773e-44 |
| dataset_N-bkg.spectral.norm12 |                    0.0 |                     0.0 | 0.0 |                     0.0 | 0.0 |                    0.0 |                     0.0 |                     0.0 | 0.0 | 0.0 | 0.0 | 0.0 | 0.0 | 0.0 | 0.0 | 1.2390409256841945e-38 |   4.790464296081208e-36 | 1.2427421357244185e-41 | 1.2678558949156532e-44 | 1.3577964332694014e-45 | 1.3801636384707036e-45 |   7.748805743260829e-47 | 2.8612244910235056e-45 | 1.3730404455629806e-39 |  6.167120863360263e-45 |   -7.82461263240211e-30 |    4.2468526841694e-45 |  7.307023097866219e-45 |   9.098885056434308e-45 |  1.347998047712222e-44 |   4.485422296149725e-44 |  2.245077439127783e-44 |  3.981850903020807e-44 |   7.307986624627365e-44 |  1.081698690428754e-43 |
| dataset_N-bkg.spectral.norm13 |                    0.0 |                     0.0 | 0.0 |                     0.0 | 0.0 |                    0.0 |                     0.0 |                     0.0 | 0.0 | 0.0 | 0.0 | 0.0 | 0.0 | 0.0 | 0.0 | 2.2958843792180814e-38 |   8.876504333786661e-36 |  2.302742546805131e-41 | 2.3492771577573574e-44 | 2.5159327320684405e-45 |   2.55737810805558e-45 |   1.435817146534051e-46 |  5.301713993627506e-45 |  6.167120863360263e-45 | 1.1525370256770434e-38 |  -1.449863805446506e-29 |    7.8692176636868e-45 | 1.3539569066060565e-44 |   1.685980473795325e-44 | 2.4977767859039813e-44 |    8.31127589933329e-44 |  4.160022575349677e-44 |  7.378181865601228e-44 |  1.3541354435691236e-43 | 2.0043366404581635e-43 |
| dataset_N-bkg.spectral.norm14 |                    0.0 |                     0.0 | 0.0 |                     0.0 | 0.0 |                    0.0 |                     0.0 |                     0.0 | 0.0 | 0.0 | 0.0 | 0.0 | 0.0 | 0.0 | 0.0 | -2.912932357608483e-23 | -1.1262177194282406e-20 | -2.921633744515877e-26 |   -2.9806751209974e-29 | -3.192121489717376e-30 | -3.244705834939196e-30 | -1.8217111730916292e-31 | -6.726616715813418e-30 |  -7.82461263240211e-30 | -1.449863805446506e-29 |   2.942457985441606e-07 | -9.984169485670841e-30 | -1.717849957846522e-29 | -2.1391090600507907e-29 | -3.169085903280979e-29 | -1.0545036465827973e-28 | -5.278081282231155e-29 | -9.361161603420817e-29 | -1.7180764788775698e-28 | -2.543027474893708e-28 |
| dataset_N-bkg.spectral.norm15 |                    0.0 |                     0.0 | 0.0 |                     0.0 | 0.0 |                    0.0 |                     0.0 |                     0.0 | 0.0 | 0.0 | 0.0 | 0.0 | 0.0 | 0.0 | 0.0 | 1.5810104835714695e-38 |   6.112610258694235e-36 | 1.5857332104436773e-41 | 1.6177782508779197e-44 |  1.732541961331485e-45 |  1.761082411592985e-45 |   9.887440246163984e-47 | 3.6509092011320544e-45 |    4.2468526841694e-45 |    7.8692176636868e-45 |  -9.984169485670841e-30 | 1.1571566473796324e-38 |  9.323727636394354e-45 |  1.1610135197988584e-44 | 1.7200392667337082e-44 |   5.723378079333436e-44 |  2.864708416092709e-44 |  5.080823313578724e-44 |   9.324957092079794e-44 | 1.3802425199870095e-43 |
| dataset_N-bkg.spectral.norm16 |                    0.0 |                     0.0 | 0.0 |                     0.0 | 0.0 |                    0.0 |                     0.0 |                     0.0 | 0.0 | 0.0 | 0.0 | 0.0 | 0.0 | 0.0 | 0.0 |  2.720245080430616e-38 |  1.0517196538280293e-35 | 2.7283708801478447e-41 | 2.7835067344000777e-44 |  2.980966157988499e-45 | 3.0300721065093085e-45 |   1.701206979154317e-46 |  6.281658405606262e-45 |  7.307023097866219e-45 | 1.3539569066060565e-44 |  -1.717849957846522e-29 |  9.323727636394354e-45 | 2.2875450900584819e-38 |  1.9976093443807387e-44 |  2.959454350302759e-44 |   9.847493881622583e-44 |  4.928942000524125e-44 |  8.741931041518564e-44 |  1.6044276061759564e-43 | 2.3748089995673277e-43 |
| dataset_N-bkg.spectral.norm17 |                    0.0 |                     0.0 | 0.0 |                     0.0 | 0.0 |                    0.0 |                     0.0 |                     0.0 | 0.0 | 0.0 | 0.0 | 0.0 | 0.0 | 0.0 | 0.0 | 3.3873161451202834e-38 |  1.3096272057178218e-35 | 3.3974345909809875e-41 | 3.4660911141108896e-44 |    3.7119724497078e-45 | 3.7731203857679036e-45 |  2.1183848132420897e-46 |  7.822075697706002e-45 |  9.098885056434308e-45 |  1.685980473795325e-44 | -2.1391090600507907e-29 | 1.1610135197988584e-44 | 1.9976093443807387e-44 |   3.215191440192609e-38 |  3.685185417168403e-44 |  1.2262341821389502e-43 |  6.137639926948741e-44 | 1.0885667754530582e-43 |  1.9978727553534216e-43 |  2.957170632779144e-43 |
| dataset_N-bkg.spectral.norm18 |                    0.0 |                     0.0 | 0.0 |                     0.0 | 0.0 |                    0.0 |                     0.0 |                     0.0 | 0.0 | 0.0 | 0.0 | 0.0 | 0.0 | 0.0 | 0.0 |  5.018302267020399e-38 |  1.9402101527703612e-35 |  5.033292724841894e-41 |  5.135007230045332e-44 |  5.499279949502453e-45 |  5.589870497596434e-45 |   3.138382972026034e-46 | 1.1588389900703913e-44 |  1.347998047712222e-44 | 2.4977767859039813e-44 |  -3.169085903280979e-29 | 1.7200392667337082e-44 |  2.959454350302759e-44 |   3.685185417168403e-44 |  7.503261736832772e-38 |  1.8166635508736324e-43 |  9.092901589340154e-44 | 1.6127095561861664e-43 |  2.9598445931453937e-43 |  4.381042528852812e-43 |
| dataset_N-bkg.spectral.norm19 |                    0.0 |                     0.0 | 0.0 |                     0.0 | 0.0 |                    0.0 |                     0.0 |                     0.0 | 0.0 | 0.0 | 0.0 | 0.0 | 0.0 | 0.0 | 0.0 | 1.6698247386569953e-37 |   6.455989972108724e-35 | 1.6748127676720328e-40 | 1.7086579583424228e-43 | 1.8298685921786584e-44 |  1.860012320126246e-44 |  1.0442873400650089e-45 | 3.8560013143424337e-44 |  4.485422296149725e-44 |   8.31127589933329e-44 | -1.0545036465827973e-28 |  5.723378079333436e-44 |  9.847493881622583e-44 |  1.2262341821389502e-43 | 1.8166635508736324e-43 |   9.981053692194488e-37 | 3.0256352073166136e-43 |  5.366241748500992e-43 |   9.848792402751926e-43 | 1.4577785088522433e-42 |
| dataset_N-bkg.spectral.norm20 |                    0.0 |                     0.0 | 0.0 |                     0.0 | 0.0 |                    0.0 |                     0.0 |                     0.0 | 0.0 | 0.0 | 0.0 | 0.0 | 0.0 | 0.0 | 0.0 |  8.357932877968481e-38 |  3.2314008529494047e-35 |  8.382899337463249e-41 |  8.552303841610598e-44 |  9.158996459252654e-45 |  9.309874122665587e-45 |   5.226945853368661e-46 | 1.9300348962701774e-44 |  2.245077439127783e-44 |  4.160022575349677e-44 |  -5.278081282231155e-29 |  2.864708416092709e-44 |  4.928942000524125e-44 |   6.137639926948741e-44 |  9.092901589340154e-44 |  3.0256352073166136e-43 | 3.2478815235644603e-37 | 2.6859518428859767e-43 |   4.929591946125505e-43 |  7.296583075976809e-43 |
| dataset_N-bkg.spectral.norm21 |                    0.0 |                     0.0 | 0.0 |                     0.0 | 0.0 |                    0.0 |                     0.0 |                     0.0 | 0.0 | 0.0 | 0.0 | 0.0 | 0.0 | 0.0 | 0.0 | 1.4823561093044278e-37 |   5.731186007257563e-35 | 1.4867841400508015e-40 | 1.5168295837428006e-43 | 1.6244320880177802e-44 | 1.6511916264566796e-44 |    9.27046822686113e-46 | 3.4230940370416605e-44 |  3.981850903020807e-44 |  7.378181865601228e-44 |  -9.361161603420817e-29 |  5.080823313578724e-44 |  8.741931041518564e-44 |  1.0885667754530582e-43 | 1.6127095561861664e-43 |   5.366241748500992e-43 | 2.6859518428859767e-43 | 1.4362536084692526e-36 |   8.743083779697954e-43 | 1.2941159803081043e-42 |
| dataset_N-bkg.spectral.norm22 |                    0.0 |                     0.0 | 0.0 |                     0.0 | 0.0 |                    0.0 |                     0.0 |                     0.0 | 0.0 | 0.0 | 0.0 | 0.0 | 0.0 | 0.0 | 0.0 |  2.720603780395946e-37 |  1.0518583368482023e-34 |  2.728730651606364e-40 | 2.7838737762435894e-43 |   2.98135923744491e-44 | 3.0304716612286136e-44 |   1.701431305590502e-45 |  6.282486724594326e-44 |  7.307986624627365e-44 | 1.3541354435691236e-43 | -1.7180764788775698e-28 |  9.324957092079794e-44 | 1.6044276061759564e-43 |  1.9978727553534216e-43 | 2.9598445931453937e-43 |   9.848792402751926e-43 |  4.929591946125505e-43 |  8.743083779697954e-43 |   7.621123010876814e-36 | 2.3751221492581178e-42 |
| dataset_N-bkg.spectral.norm23 |                    0.0 |                     0.0 | 0.0 |                     0.0 | 0.0 |                    0.0 |                     0.0 |                     0.0 | 0.0 | 0.0 | 0.0 | 0.0 | 0.0 | 0.0 | 0.0 |  4.026927931849998e-37 |  1.5569182648076943e-34 | 4.0389569986739135e-40 |  4.120577626584241e-43 | 4.4128876371695153e-44 |   4.48558186503193e-44 |  2.5183899610729992e-45 |  9.299083334017773e-44 |  1.081698690428754e-43 | 2.0043366404581635e-43 |  -2.543027474893708e-28 | 1.3802425199870095e-43 | 2.3748089995673277e-43 |   2.957170632779144e-43 |  4.381042528852812e-43 |  1.4577785088522433e-42 |  7.296583075976809e-43 | 1.2941159803081043e-42 |  2.3751221492581178e-42 | 2.9149037563712735e-35 |
